-9.958913664362214 -0.2651899748719262 -5.781522452598771 0.042327586124577765 0.03810848157715883 8.132366097133624e-05 -6.018769160916912e-05 -1.251585565299179e-07 3.484096383229681e-08 4.1614924993407104e-11 -6.732420176902565e-12 1.2674463710123881e+33 405206.03847746144 2188780.057091176 
-9.958913664362214 -0.384463030710404 -5.781522452598771 0.042327586124577765 0.03810848157715883 8.132366097133624e-05 -6.018769160916912e-05 -1.251585565299179e-07 3.484096383229681e-08 4.1614924993407104e-11 -6.732420176902565e-12 1.2674595766895038e+33 408090.783438207 2188008.395693494 
-9.958913664362214 -0.4245757399952257 -5.781522452598771 0.042327586124577765 0.03810848157715883 8.132366097133624e-05 -6.018769160916912e-05 -1.251585565299179e-07 3.484096383229681e-08 4.1614924993407104e-11 -6.732420176902565e-12 1.2674870410666545e+33 409066.74245514406 2187756.570997437 
-9.958913664362214 -0.4245757399952257 -5.781522452598771 0.042327586124577765 0.03810848157715883 8.132366097133624e-05 -6.018769160916912e-05 -1.251585565299179e-07 3.484096383229681e-08 4.1614924993407104e-11 -6.732420176902565e-12 1.2674870410666545e+33 409066.74245514406 2187756.570997437 
-9.958913664362214 -0.1934954727751006 -5.781522452598771 0.042327586124577765 0.03810848157715883 8.132366097133624e-05 -6.018769160916912e-05 -1.251585565299179e-07 3.484096383229681e-08 4.1614924993407104e-11 -6.732420176902565e-12 1.2674877663765612e+33 403484.4318776607 2189260.373012324 
-9.772205315737141 -0.384463030710404 -5.781522452598771 0.042327586124577765 0.03810848157715883 8.132366097133624e-05 -6.018769160916912e-05 -1.251585565299179e-07 3.484096383229681e-08 4.1614924993407104e-11 -6.732420176902565e-12 1.267518125268381e+33 408185.64106022683 2188003.1833030675 
-9.772205315737141 -0.4245757399952257 -5.781522452598771 0.042327586124577765 0.03810848157715883 8.132366097133624e-05 -6.018769160916912e-05 -1.251585565299179e-07 3.484096383229681e-08 4.1614924993407104e-11 -6.732420176902565e-12 1.2675451597388773e+33 409161.62452249264 2187751.2644805117 
-9.772205315737141 -0.4245757399952257 -5.781522452598771 0.042327586124577765 0.03810848157715883 8.132366097133624e-05 -6.018769160916912e-05 -1.251585565299179e-07 3.484096383229681e-08 4.1614924993407104e-11 -6.732420176902565e-12 1.2675451597388773e+33 409161.62452249264 2187751.2644805117 
-9.772205315737141 -0.18359078811598972 -5.781522452598771 0.042327586124577765 0.03810848157715883 8.132366097133624e-05 -6.018769160916912e-05 -1.251585565299179e-07 3.484096383229681e-08 4.1614924993407104e-11 -6.732420176902565e-12 1.2675571113330601e+33 403342.05702059844 2189322.9606815414 
-9.772205315737141 -0.4510426246805479 -5.781522452598771 0.042327586124577765 0.03810848157715883 8.132366097133624e-05 -6.018769160916912e-05 -1.251585565299179e-07 3.484096383229681e-08 4.1614924993407104e-11 -6.732420176902565e-12 1.267569340840468e+33 409807.1870890743 2187587.1654434046 
-0.9091714676096851 -0.4245757399952257 -5.781522452598771 0.042327586124577765 0.03810848157715883 8.132366097133624e-05 -6.018769160916912e-05 -1.251585565299179e-07 3.484096383229681e-08 4.1614924993407104e-11 -6.732420176902565e-12 1.2705820535563488e+33 413745.8786070438 2187579.5726177427 
-0.7984164620098984 -0.4245757399952257 -5.781522452598771 0.042327586124577765 0.03810848157715883 8.132366097133624e-05 -6.018769160916912e-05 -1.251585565299179e-07 3.484096383229681e-08 4.1614924993407104e-11 -6.732420176902565e-12 1.2706234500757e+33 413804.1586491141 2187578.42099913 
0.09782215382082171 -0.4245757399952257 -5.781522452598771 0.042327586124577765 0.03810848157715883 8.132366097133624e-05 -6.018769160916912e-05 -1.251585565299179e-07 3.484096383229681e-08 4.1614924993407104e-11 -6.732420176902565e-12 1.2709615659163705e+33 414276.66805014387 2187570.0045133894 
0.3545122967770018 -0.384463030710404 -5.781522452598771 0.042327586124577765 0.03810848157715883 8.132366097133624e-05 -6.018769160916912e-05 -1.251585565299179e-07 3.484096383229681e-08 4.1614924993407104e-11 -6.732420176902565e-12 1.2710558211576797e+33 413434.9852592483 2187824.913978589 
-0.5090398454251908 -0.047585966053403705 -5.781522452598771 0.042327586124577765 0.03810848157715883 8.132366097133624e-05 -6.018769160916912e-05 -1.251585565299179e-07 3.484096383229681e-08 4.1614924993407104e-11 -6.732420176902565e-12 1.2711383967167368e+33 404887.62712944765 2190139.8242452056 
-9.958913664362214 0.8169024311177575 -5.781522452598771 0.042327586124577765 0.03810848157715883 8.132366097133624e-05 -6.018769160916912e-05 -1.251585565299179e-07 3.484096383229681e-08 4.1614924993407104e-11 -6.732420176902565e-12 1.2720311143855991e+33 380211.93681690504 2197345.048986334 
-0.6688117094380159 0.3780493417116533 -5.781522452598771 0.042327586124577765 0.03810848157715883 8.132366097133624e-05 -6.018769160916912e-05 -1.251585565299179e-07 3.484096383229681e-08 4.1614924993407104e-11 -6.732420176902565e-12 1.2727685671364094e+33 394874.1677330208 2193446.0252761114 
-0.5090398454251908 -0.4245757399952257 -0.6285013718099497 0.042327586124577765 0.03810848157715883 8.132366097133624e-05 -6.018769160916912e-05 -1.251585565299179e-07 3.484096383229681e-08 4.1614924993407104e-11 -6.732420176902565e-12 2.302742531749386e+40 47620938.56237692 48815661.51787305 
-9.958913664362214 -0.48389429247752624 -0.4798926802558041 0.042327586124577765 0.03810848157715883 8.132366097133624e-05 -6.018769160916912e-05 -1.251585565299179e-07 3.484096383229681e-08 4.1614924993407104e-11 -6.732420176902565e-12 3.09589855833172e+40 50123927.64945582 51660081.818523556 
-9.772205315737141 -0.18359078811598972 -0.4798926802558041 0.042327586124577765 0.03810848157715883 8.132366097133624e-05 -6.018769160916912e-05 -1.251585565299179e-07 3.484096383229681e-08 4.1614924993407104e-11 -6.732420176902565e-12 3.115361560377492e+40 50112543.79028936 51725460.87790988 
-9.772205315737141 0.7718512412413063 -0.4798926802558041 0.042327586124577765 0.03810848157715883 8.132366097133624e-05 -6.018769160916912e-05 -1.251585565299179e-07 3.484096383229681e-08 4.1614924993407104e-11 -6.732420176902565e-12 3.1759842738997616e+40 50071404.832281254 51927352.38704899 
0.7766148173856053 -0.48389429247752624 -0.18916111876558972 0.042327586124577765 0.03810848157715883 8.132366097133624e-05 -6.018769160916912e-05 -1.251585565299179e-07 3.484096383229681e-08 4.1614924993407104e-11 -6.732420176902565e-12 5.610156065130816e+40 55512193.96073411 57886270.398659244 
-0.14417839378697206 -0.3245599240739938 -0.16595171478402349 0.042327586124577765 0.03810848157715883 8.132366097133624e-05 -6.018769160916912e-05 -1.251585565299179e-07 3.484096383229681e-08 4.1614924993407104e-11 -6.732420176902565e-12 5.87973918623968e+40 55927977.88518264 58410396.79899313 
-9.772205315737141 -0.384463030710404 -0.10522581663661201 0.042327586124577765 0.03810848157715883 8.132366097133624e-05 -6.018769160916912e-05 -1.251585565299179e-07 3.484096383229681e-08 4.1614924993407104e-11 -6.732420176902565e-12 6.526711065563229e+40 56967214.61453301 59587837.96765605 
-9.772205315737141 0.5330097778096201 -0.03654017400713716 0.042327586124577765 0.03810848157715883 8.132366097133624e-05 -6.018769160916912e-05 -1.251585565299179e-07 3.484096383229681e-08 4.1614924993407104e-11 -6.732420176902565e-12 7.566686882690739e+40 58228534.91429703 61309017.9174486 
0.9436173423908107 -0.384463030710404 0.10941332804398196 0.042327586124577765 0.03810848157715883 8.132366097133624e-05 -6.018769160916912e-05 -1.251585565299179e-07 3.484096383229681e-08 4.1614924993407104e-11 -6.732420176902565e-12 9.897130103831581e+40 61207162.381388664 64530011.661372185 
-9.772205315737141 -0.384463030710404 0.1709829473117379 0.042327586124577765 0.03810848157715883 8.132366097133624e-05 -6.018769160916912e-05 -1.251585565299179e-07 3.484096383229681e-08 4.1614924993407104e-11 -6.732420176902565e-12 1.0948058562354498e+41 62295737.81726619 65787670.06024959 
-0.9236740627277131 -0.4245757399952257 -5.781522452598771 0.16951383312455182 0.03810848157715883 8.132366097133624e-05 -6.018769160916912e-05 -1.251585565299179e-07 3.484096383229681e-08 4.1614924993407104e-11 -6.732420176902565e-12 1.8683641796537727e+41 43732078.97963394 74516474.6342828 
-0.9070825893748586 0.7718512412413063 0.459355151920374 0.042327586124577765 0.03810848157715883 8.132366097133624e-05 -6.018769160916912e-05 -1.251585565299179e-07 3.484096383229681e-08 4.1614924993407104e-11 -6.732420176902565e-12 1.885821861261274e+41 68164715.09736395 73016691.75193027 
-9.958913664362214 -0.5759731967958308 -0.4798926802558041 -0.16991220353841063 0.03810848157715883 8.132366097133624e-05 -6.018769160916912e-05 -1.251585565299179e-07 3.484096383229681e-08 4.1614924993407104e-11 -6.732420176902565e-12 6.330909274151931e+42 193654841.92299092 139939977.5708002 
-9.772205315737141 -0.4245757399952257 0.23997665981571603 0.16951383312455182 0.03810848157715883 8.132366097133624e-05 -6.018769160916912e-05 -1.251585565299179e-07 3.484096383229681e-08 4.1614924993407104e-11 -6.732420176902565e-12 2.992581878598681e+43 108017045.78918779 196577855.77883175 
0.3763268304310494 0.13761711248480046 -5.781522452598771 -0.20339341632450547 0.03810848157715883 8.132366097133624e-05 -6.018769160916912e-05 -1.251585565299179e-07 3.484096383229681e-08 4.1614924993407104e-11 -6.732420176902565e-12 8.230425051144064e+43 192587087.92908746 233804623.21107477 
-0.12213067386679555 -0.384463030710404 -5.781522452598771 -0.20339341632450547 0.03810848157715883 8.132366097133624e-05 -6.018769160916912e-05 -1.251585565299179e-07 3.484096383229681e-08 4.1614924993407104e-11 -6.732420176902565e-12 8.32907090677252e+43 193000865.69968623 234337260.75911802 
-9.958913664362214 0.6528588100180972 0.3043488652443642 -0.27793366915462503 0.03810848157715883 8.132366097133624e-05 -6.018769160916912e-05 -1.251585565299179e-07 3.484096383229681e-08 4.1614924993407104e-11 -6.732420176902565e-12 4.8848551596319735e+44 384228769.27872247 322508261.5332116 
-9.772205315737141 0.5238576366960366 -5.781522452598771 -0.27793366915462503 0.03810848157715883 8.132366097133624e-05 -6.018769160916912e-05 -1.251585565299179e-07 3.484096383229681e-08 4.1614924993407104e-11 -6.732420176902565e-12 1.3821742062392402e+45 322458875.6136036 400579610.5977622 
0.7766148173856053 -0.384463030710404 -5.781522452598771 -0.27793366915462503 0.03810848157715883 8.132366097133624e-05 -6.018769160916912e-05 -1.251585565299179e-07 3.484096383229681e-08 4.1614924993407104e-11 -6.732420176902565e-12 1.4017477907961285e+45 323410088.6112315 401648637.3468079 
0.7766148173856053 -0.4245757399952257 -5.781522452598771 -0.27793366915462503 0.03810848157715883 8.132366097133624e-05 -6.018769160916912e-05 -1.251585565299179e-07 3.484096383229681e-08 4.1614924993407104e-11 -6.732420176902565e-12 1.402717253373832e+45 323451327.0675813 401701617.8937614 
-9.958913664362214 -0.4816636249556503 -5.781522452598771 0.3784921772338925 0.03810848157715883 8.132366097133624e-05 -6.018769160916912e-05 -1.251585565299179e-07 3.484096383229681e-08 4.1614924993407104e-11 -6.732420176902565e-12 3.365969897202852e+45 326693803.17528856 478316101.4655135 
-0.12213067386679555 -0.384463030710404 -5.781522452598771 -0.6011218220890986 0.03810848157715883 8.132366097133624e-05 -6.018769160916912e-05 -1.251585565299179e-07 3.484096383229681e-08 4.1614924993407104e-11 -6.732420176902565e-12 2.3038243872442027e+48 1276431554.2382703 1648883596.869814 
-9.958913664362214 -0.3245599240739938 0.894784415392486 -0.8870297410020007 0.03810848157715883 8.132366097133624e-05 -6.018769160916912e-05 -1.251585565299179e-07 3.484096383229681e-08 4.1614924993407104e-11 -6.732420176902565e-12 6.320397866890021e+49 2713079499.999707 3079468440.006665 
-9.772205315737141 -0.384463030710404 -5.781522452598771 0.042327586124577765 0.0012322939681246314 8.132366097133624e-05 -6.018769160916912e-05 -1.251585565299179e-07 3.484096383229681e-08 4.1614924993407104e-11 -6.732420176902565e-12 5.887557723308556e+52 8198065514.304895 11436719414.98547 
0.3545122967770018 -0.28728328081254495 0.894784415392486 -0.8870297410020007 -0.005247734719330932 8.132366097133624e-05 -6.018769160916912e-05 -1.251585565299179e-07 3.484096383229681e-08 4.1614924993407104e-11 -6.732420176902565e-12 1.671331054372112e+54 13036027861.20089 21820024432.467865 
-0.12213067386679555 -0.384463030710404 -5.781522452598771 0.6532570300672191 -0.08259699592032166 8.132366097133624e-05 -6.018769160916912e-05 -1.251585565299179e-07 3.484096383229681e-08 4.1614924993407104e-11 -6.732420176902565e-12 1.0115418079976769e+58 88153092801.31552 113170931297.12187 
-0.3126270134568243 -0.4510426246805479 -5.781522452598771 0.042327586124577765 -0.09827166999876624 8.132366097133624e-05 -6.018769160916912e-05 -1.251585565299179e-07 3.484096383229681e-08 4.1614924993407104e-11 -6.732420176902565e-12 5.160336135894603e+58 112856039443.76328 154849339806.41034 
-9.958913664362214 0.922198528494826 -0.03654017400713716 -0.37255205395614555 -0.14646014844373645 8.132366097133624e-05 -6.018769160916912e-05 -1.251585565299179e-07 3.484096383229681e-08 4.1614924993407104e-11 -6.732420176902565e-12 1.269668319814517e+60 202404746556.8969 285382292289.5714 
-0.5090398454251908 -0.047585966053403705 -5.781522452598771 0.3800032091365726 0.2659646164519749 8.132366097133624e-05 -6.018769160916912e-05 -1.251585565299179e-07 3.484096383229681e-08 4.1614924993407104e-11 -6.732420176902565e-12 1.2433116558522884e+61 317967454342.4386 440348851048.9263 
-0.04175849307628887 -0.48389429247752624 -0.4798926802558041 0.7952781216613625 0.4357632895466357 8.132366097133624e-05 -6.018769160916912e-05 -1.251585565299179e-07 3.484096383229681e-08 4.1614924993407104e-11 -6.732420176902565e-12 4.792894107958675e+63 982450703651.767 1369317089742.0063 
0.3545122967770018 -0.5759731967958308 0.2470340856636708 0.042327586124577765 0.4936582577951796 8.132366097133624e-05 -6.018769160916912e-05 -1.251585565299179e-07 3.484096383229681e-08 4.1614924993407104e-11 -6.732420176902565e-12 1.7054193629064378e+64 1279830145562.2542 1741841450165.5854 
-9.772205315737141 -0.384463030710404 0.10941332804398196 -0.9681903153433298 0.5831862141544077 8.132366097133624e-05 -6.018769160916912e-05 -1.251585565299179e-07 3.484096383229681e-08 4.1614924993407104e-11 -6.732420176902565e-12 9.626625953968276e+64 1820924280111.2402 2419247077881.751 
0.7766148173856053 -0.9383411437118938 0.10473848786449858 -0.8970665723799123 0.6905354656759943 8.132366097133624e-05 -6.018769160916912e-05 -1.251585565299179e-07 3.484096383229681e-08 4.1614924993407104e-11 -6.732420176902565e-12 6.498194249809909e+65 2605338392986.858 3481491433809.899 
-0.12213067386679555 -0.1934954727751006 0.10941332804398196 0.042327586124577765 -0.6278656604438702 8.132366097133624e-05 -6.018769160916912e-05 -1.251585565299179e-07 3.484096383229681e-08 4.1614924993407104e-11 -6.732420176902565e-12 8.282082908550699e+65 2672779522130.5273 3649889849165.0454 
-0.5090398454251908 -0.4245757399952257 -5.781522452598771 0.042327586124577765 -0.6278656604438702 8.132366097133624e-05 -6.018769160916912e-05 -1.251585565299179e-07 3.484096383229681e-08 4.1614924993407104e-11 -6.732420176902565e-12 8.66823733173682e+65 2696380151320.241 3681689022763.146 
-9.772205315737141 -0.46144628267154997 -0.11629160139912953 0.042327586124577765 -0.8403641123768397 8.132366097133624e-05 -6.018769160916912e-05 -1.251585565299179e-07 3.484096383229681e-08 4.1614924993407104e-11 -6.732420176902565e-12 1.53457332779941e+67 4662255539081.291 6364550333611.089 
-9.772205315737141 -0.384463030710404 -0.18916111876558972 0.042327586124577765 0.9664823610128677 8.132366097133624e-05 -6.018769160916912e-05 -1.251585565299179e-07 3.484096383229681e-08 4.1614924993407104e-11 -6.732420176902565e-12 2.9068738179872657e+67 5275613760030.422 7187396212425.443 
-9.772205315737141 -0.384463030710404 -5.781522452598771 0.042327586124577765 0.03810848157715883 -0.12219648921177306 -6.018769160916912e-05 -1.251585565299179e-07 3.484096383229681e-08 4.1614924993407104e-11 -6.732420176902565e-12 4.258035833698745e+75 188461677235836.9 258274012549238.06 
-9.958913664362214 -0.5214194378725843 -5.781522452598771 -0.6901804125862037 0.03810848157715883 -0.5836564759241312 -6.018769160916912e-05 -1.251585565299179e-07 3.484096383229681e-08 4.1614924993407104e-11 -6.732420176902565e-12 5.757194668185037e+82 4300027458999735.0 5893436675835937.0 
-0.22528525815286948 -0.5759731967958308 0.2470340856636708 0.042327586124577765 0.7852115864657365 -0.6486067915561589 -6.018769160916912e-05 -1.251585565299179e-07 3.484096383229681e-08 4.1614924993407104e-11 -6.732420176902565e-12 1.608025925432047e+83 5276881179416092.0 7163738817171577.0 
0.5419941619297086 -0.48389429247752624 -5.781522452598771 0.042327586124577765 0.03810848157715883 8.132366097133624e-05 -0.17258934075626042 -1.251585565299179e-07 3.484096383229681e-08 4.1614924993407104e-11 -6.732420176902565e-12 4.4683740141231056e+94 7.904513392273682e+17 1.0842667663975304e+18 
-9.772205315737141 -0.4510426246805479 -5.781522452598771 0.042327586124577765 0.03810848157715883 8.132366097133624e-05 -6.018769160916912e-05 0.004856870368302069 3.484096383229681e-08 4.1614924993407104e-11 -6.732420176902565e-12 6.972773634191077e+95 1.3342014516718833e+18 1.8298691814236196e+18 
-9.958913664362214 -0.384463030710404 -5.781522452598771 0.042327586124577765 0.03810848157715883 8.132366097133624e-05 0.2304838835078793 -1.251585565299179e-07 3.484096383229681e-08 4.1614924993407104e-11 -6.732420176902565e-12 9.375716780585359e+95 1.4114279851729236e+18 1.9360561993796785e+18 
0.5419941619297086 -0.2651899748719262 -5.781522452598771 0.042327586124577765 0.03810848157715883 8.132366097133624e-05 -0.2536163053931899 -1.251585565299179e-07 3.484096383229681e-08 4.1614924993407104e-11 -6.732420176902565e-12 2.5460700653397485e+96 1.7072552817913943e+18 2.341850391960423e+18 
-0.5090398454251908 -0.047585966053403705 -5.781522452598771 0.042327586124577765 -0.6278656604438702 8.132366097133624e-05 0.2736149028572119 -1.251585565299179e-07 3.484096383229681e-08 4.1614924993407104e-11 -6.732420176902565e-12 5.607804169887741e+96 1.9843466019489416e+18 2.721934631763209e+18 
-9.772205315737141 -0.48389429247752624 -0.4798926802558041 0.06415263284310946 0.03810848157715883 8.132366097133624e-05 0.5325559144015255 -1.251585565299179e-07 3.484096383229681e-08 4.1614924993407104e-11 -6.732420176902565e-12 6.172345304440495e+99 7.533230528042405e+18 1.0333346201550598e+19 
-9.772205315737141 -0.5745683437910518 -5.781522452598771 0.042327586124577765 -0.09827166999876624 8.132366097133624e-05 0.9248817730977883 -1.251585565299179e-07 3.484096383229681e-08 4.1614924993407104e-11 -6.732420176902565e-12 2.0275559333664444e+102 2.271531569059192e+19 3.1158649786529853e+19 
0.7766148173856053 -0.047585966053403705 -0.4798926802558041 -0.37255205395614555 0.6905354656759943 8.132366097133624e-05 -6.018769160916912e-05 -0.2461792360613504 3.484096383229681e-08 4.1614924993407104e-11 -6.732420176902565e-12 5.554603938626471e+113 3.427563116131919e+21 4.700903612782845e+21 
-9.772205315737141 -0.4245757399952257 -5.781522452598771 0.042327586124577765 0.03810848157715883 8.132366097133624e-05 -6.018769160916912e-05 0.3281552139082764 3.484096383229681e-08 4.1614924993407104e-11 -6.732420176902565e-12 1.135996744475107e+115 6.090391348925311e+21 8.353013000999646e+21 
-9.772205315737141 -0.5745683437910518 -0.11629160139912953 0.042327586124577765 -0.8407578485365808 8.132366097133624e-05 -6.018769160916912e-05 -0.4787050893540974 3.484096383229681e-08 4.1614924993407104e-11 -6.732420176902565e-12 5.987914096911947e+116 1.296058328132226e+22 1.7775584283821284e+22 
-0.12213067386679555 0.1739324767832897 -5.781522452598771 0.6974791535354439 0.03810848157715883 0.17815975249320837 -6.018769160916912e-05 0.5930007650038982 3.484096383229681e-08 4.1614924993407104e-11 -6.732420176902565e-12 5.678947513671025e+117 1.989388576038637e+22 2.728459991816973e+22 
-0.12213067386679555 -0.18359078811598972 0.10941332804398196 0.042327586124577765 0.03810848157715883 8.132366097133624e-05 -6.018769160916912e-05 -0.6400110701757562 3.484096383229681e-08 4.1614924993407104e-11 -6.732420176902565e-12 1.2633107964511961e+118 2.3166533529265708e+22 3.177305604676402e+22 
-9.958913664362214 -0.4245757399952257 -0.03654017400713716 0.042327586124577765 -0.6278656604438702 -0.3134935453457104 -6.018769160916912e-05 0.6725440163740655 3.484096383229681e-08 4.1614924993407104e-11 -6.732420176902565e-12 2.121298357657255e+118 2.5570331602690373e+22 3.5069819702875188e+22 
-9.772205315737141 0.9763086733658808 -5.781522452598771 0.042327586124577765 0.03810848157715883 0.3954101783157493 -6.018769160916912e-05 0.6828025586517388 3.484096383229681e-08 4.1614924993407104e-11 -6.732420176902565e-12 2.499666388994245e+118 2.638230792677236e+22 3.61835164445328e+22 
0.18770584807941026 -0.48389429247752624 -5.781522452598771 0.042327586124577765 -0.6278656604438702 8.132366097133624e-05 -6.018769160916912e-05 -0.5075233526439837 0.031205263155302587 4.1614924993407104e-11 -6.732420176902565e-12 8.05751386913464e+121 1.159423663163257e+23 1.6905503281202006e+23 
-0.5090398454251908 -0.047585966053403705 -5.781522452598771 0.3800032091365726 0.03810848157715883 8.132366097133624e-05 -0.05673597412043607 -1.251585565299179e-07 0.18846876607837948 4.1614924993407104e-11 -6.732420176902565e-12 1.0429694687400714e+130 4.308830460457969e+24 5.914749398318367e+24 
-0.5343689470414246 -0.5939134281251548 -5.781522452598771 0.042327586124577765 0.03810848157715883 8.132366097133624e-05 -6.018769160916912e-05 -1.251585565299179e-07 -0.28636639261499397 4.1614924993407104e-11 -6.732420176902565e-12 8.444610334573997e+131 9.950542272352175e+24 1.3659147204252915e+25 
-0.9565677211404207 -0.4245757399952257 -5.781522452598771 0.9099635658090737 0.5772551260673793 8.132366097133624e-05 -6.018769160916912e-05 -1.251585565299179e-07 0.328987248544363 4.1614924993407104e-11 -6.732420176902565e-12 3.624756983660152e+132 1.3132907869473229e+25 1.8027592564755086e+25 
-9.958913664362214 -0.48389429247752624 -0.4798926802558041 -0.8870297410020007 -0.005247734719330932 8.132366097133624e-05 -6.018769160916912e-05 -1.251585565299179e-07 0.4213725272896247 4.1614924993407104e-11 -6.732420176902565e-12 4.87407649070948e+133 2.1544424049436605e+25 2.9574112708721506e+25 
-0.12213067386679555 0.1739324767832897 -5.781522452598771 0.042327586124577765 0.03810848157715883 0.3954101783157493 -6.018769160916912e-05 -1.251585565299179e-07 -0.4505109578783357 4.1614924993407104e-11 -6.732420176902565e-12 9.835515634429053e+133 2.46270253850154e+25 3.3805614032982934e+25 
-9.958913664362214 -0.46144628267154997 -5.781522452598771 0.042327586124577765 -0.8403641123768397 8.132366097133624e-05 -6.018769160916912e-05 -1.251585565299179e-07 -0.657838160092642 4.1614924993407104e-11 -6.732420176902565e-12 5.237804423593472e+135 5.250987337600609e+25 7.2080502742258674e+25 
-0.04175849307628887 0.14002840001014394 -5.781522452598771 -0.7059416950731179 0.7852115864657365 8.132366097133624e-05 -6.018769160916912e-05 -1.251585565299179e-07 0.9559354392868065 4.1614924993407104e-11 -6.732420176902565e-12 2.6509287927080683e+137 1.1088167744355893e+26 1.5220769987879561e+26 
-9.958913664362214 -0.3694956283927786 -5.781522452598771 0.042327586124577765 0.03810848157715883 8.132366097133624e-05 -6.018769160916912e-05 -1.251585565299179e-07 3.484096383229681e-08 0.025017953640398494 -6.732420176902565e-12 2.084607701781914e+138 1.6378474510915367e+26 2.2547126172876393e+26 
-9.772205315737141 -0.384463030710404 -5.781522452598771 0.6532570300672191 -0.005247734719330932 8.132366097133624e-05 -6.018769160916912e-05 -1.251585565299179e-07 3.484096383229681e-08 -0.15513189510769965 -6.732420176902565e-12 4.362567382710565e+146 6.297556603905406e+27 8.669415653345095e+27 
-0.5090398454251908 -0.5759731967958308 -0.03654017400713716 -0.27793366915462503 -0.11046087990351605 -0.4056588299726287 -0.9441035058236851 -1.251585565299179e-07 3.484096383229681e-08 0.26766707830300285 -6.732420176902565e-12 1.3400069005671558e+149 1.8747929590645846e+28 2.580915235187975e+28 
-0.16522516026361456 -0.384463030710404 -5.781522452598771 0.042327586124577765 0.03810848157715883 0.6718909682116836 0.9602730735276896 -1.251585565299179e-07 3.484096383229681e-08 0.5949205036421028 -6.732420176902565e-12 5.877725980454643e+152 9.261702108921951e+28 1.2749916092097626e+29 
-0.9070825893748586 0.7718512412413063 -5.781522452598771 0.042327586124577765 0.9595373626311232 8.132366097133624e-05 -6.018769160916912e-05 -1.251585565299179e-07 3.484096383229681e-08 -0.6170893764150567 -6.732420176902565e-12 8.630487888171469e+152 9.96474116704584e+28 1.3717777941048299e+29 
0.7766148173856053 -0.48389429247752624 0.5910674046371536 0.042327586124577765 0.03810848157715883 8.132366097133624e-05 0.868969291563154 -1.251585565299179e-07 3.484096383229681e-08 -0.6989270143062878 -6.732420176902565e-12 3.1908621817550535e+153 1.2782957674884015e+29 1.7597462232712323e+29 
-0.7984164620098984 -0.384463030710404 0.5159054228590998 0.042327586124577765 -0.6278656604438702 8.132366097133624e-05 -6.018769160916912e-05 -1.251585565299179e-07 3.484096383229681e-08 0.699020749675882 -6.732420176902565e-12 3.1954080464724958e+153 1.2786450982132276e+29 1.7602232941610534e+29 
-9.958913664362214 -0.047585966053403705 -5.781522452598771 -0.37255205395614555 -0.6278656604438702 8.132366097133624e-05 0.2506905552851708 -1.251585565299179e-07 3.484096383229681e-08 -0.7162317109897494 -6.732420176902565e-12 4.125161427858794e+153 1.3423827407348083e+29 1.8479676812716816e+29 
-9.772205315737141 -0.4510426246805479 -5.781522452598771 0.042327586124577765 0.03810848157715883 8.132366097133624e-05 -6.018769160916912e-05 -1.251585565299179e-07 3.484096383229681e-08 0.980557425886752 -6.732420176902565e-12 1.1164710487052937e+155 2.516030780042158e+29 3.463647570250082e+29 
-0.5090398454251908 0.9270945523063994 -0.03654017400713716 -0.8870297410020007 -0.12350489256343455 0.10471969083490995 -6.018769160916912e-05 -1.251585565299179e-07 3.484096383229681e-08 -0.9940469606875797 -6.732420176902565e-12 1.2887034349311693e+155 2.585732939160351e+29 3.559601768164297e+29 
-9.958913664362214 -0.384463030710404 -5.781522452598771 -0.37255205395614555 0.03810848157715883 8.132366097133624e-05 -6.018769160916912e-05 -1.251585565299179e-07 3.484096383229681e-08 4.1614924993407104e-11 -0.07893164628208704 1.2045941545126438e+161 3.5294065922100263e+30 4.884083336460432e+30 
-9.772205315737141 -0.5745683437910518 0.18521526824016155 0.042327586124577765 0.13232129283455385 -0.13172760996308575 -6.018769160916912e-05 -1.251585565299179e-07 -0.025766163103698503 4.1614924993407104e-11 -0.1742291266845568 4.917920437616935e+164 1.7198882285953373e+31 2.380023736982496e+31 
-0.6864121104451875 -0.384463030710404 -5.781522452598771 0.042327586124577765 0.03810848157715883 8.132366097133624e-05 -6.018769160916912e-05 -1.251585565299179e-07 0.10319899273921695 4.1614924993407104e-11 0.48008751899818636 2.0607174729048723e+169 1.3059496812004974e+32 1.8072047879386887e+32 
-9.958913664362214 0.2262692726309945 -5.781522452598771 0.042327586124577765 0.03810848157715883 8.132366097133624e-05 -6.018769160916912e-05 -1.251585565299179e-07 3.484096383229681e-08 4.1614924993407104e-11 -0.5942885413076977 1.934976989874791e+170 2.0007557960076447e+32 2.768697169991056e+32 
-9.772205315737141 -0.4245757399952257 -5.781522452598771 0.042327586124577765 0.03810848157715883 8.132366097133624e-05 -6.018769160916912e-05 -1.251585565299179e-07 0.6163399009795678 4.1614924993407104e-11 -0.5992914905788289 2.1025561800528775e+170 2.0326511933982036e+32 2.81284874042723e+32 
-9.958913664362214 -0.8160615482187605 -0.787026972186968 0.042327586124577765 0.03810848157715883 8.132366097133624e-05 -0.5332369202404048 -1.251585565299179e-07 3.484096383229681e-08 -0.9910343103721295 -0.6421235743523708 4.414302414840798e+170 2.375656185712905e+32 3.237302160468884e+32 
-9.772205315737141 -0.5759731967958308 -0.03654017400713716 0.042327586124577765 -0.005247734719330932 -0.4042479540899515 -6.018769160916912e-05 -0.8393173654518118 3.484096383229681e-08 4.1614924993407104e-11 -0.6710014056434039 6.923144022984582e+170 2.550636887800277e+32 3.529622355608938e+32 
-9.958913664362214 0.9634822628365143 -0.03654017400713716 -0.8870297410020007 -0.005247734719330932 8.132366097133624e-05 -6.018769160916912e-05 -1.251585565299179e-07 3.484096383229681e-08 4.1614924993407104e-11 0.7667494683968237 2.8090866671848456e+171 3.330476224612535e+32 4.608798393190205e+32 
-9.958913664362214 -0.384463030710404 -5.781522452598771 0.042327586124577765 0.03810848157715883 8.132366097133624e-05 -6.018769160916912e-05 -1.251585565299179e-07 3.484096383229681e-08 4.1614924993407104e-11 0.873806918735009 1.1080671802257226e+172 4.3254403652868646e+32 5.985655281983331e+32 
-9.772205315737141 -0.047585966053403705 -0.11629160139912953 0.042327586124577765 0.4146047407326394 -0.10065112716420166 -6.018769160916912e-05 -1.251585565299179e-07 3.484096383229681e-08 4.1614924993407104e-11 -0.8975482221065532 1.4682850154554347e+172 4.563677562460174e+32 6.3153340232740866e+32 
-9.958913664362214 -0.5759731967958308 -5.781522452598771 0.042327586124577765 -0.005247734719330932 -0.2939770292864021 -6.018769160916912e-05 -1.251585565299179e-07 0.27526160901595165 4.1614924993407104e-11 0.9055424777923391 1.613924925190805e+172 4.6466394747325245e+32 6.430129461073574e+32 
