7.911762231614896e-13 4.472405189097008 -0.26038470463507113 1.2116425887789758e-14 2.33130809820504e-12 -1.1991811640585333e-13 -5.452121298217858e-13 1.3873720803168152e-12 1.346458383412218e-12 5.593976516118467e-12 0.0 35048486442.740654 788958.1920012583 899643.5574219838 
7.187478611927881e-13 4.472405189097008 -0.2767820369486143 1.073686989645169e-14 2.465516986859741e-12 -1.4853039378368822e-13 -6.428137189938805e-13 1.3710710757958452e-12 9.184008488394271e-13 5.588873293707583e-12 0.0 35227691352.31489 787695.2492608821 934539.2865957795 
0.9677566327437734 4.472405189097008 -0.26038470463507113 1.073686989645169e-14 2.465516986859741e-12 -1.4853039378368822e-13 -5.452121298217858e-13 1.3710710757958452e-12 9.184008488394271e-13 5.588873293707583e-12 0.0 35462751756.0105 789193.0680867843 904822.0383636749 
7.645239795894045e-13 4.5301017838467645 -0.24822429533726437 1.073686989645169e-14 2.263819692543228e-12 -1.3480352736451777e-13 -6.428137189938805e-13 1.0056668152131337e-12 1.2069014665509586e-12 5.5064856326457195e-12 0.0 35507069606.35629 791026.2008223227 865473.0122375006 
7.187478611927881e-13 4.472405189097008 -0.24996481542003302 1.2116425887789758e-14 2.0010745395545873e-12 -1.4853039378368822e-13 -6.321706221559805e-13 1.0902434502892486e-12 1.2909725600867555e-12 5.588873293707583e-12 0.0 35699932532.28278 790486.9881645099 881763.1083651874 
7.187478611927881e-13 4.472405189097008 -0.24996481542003302 1.073686989645169e-14 2.0010745395545873e-12 -1.4853039378368822e-13 -6.321706221559805e-13 1.0902434502892486e-12 1.2909725600867555e-12 5.588873293707583e-12 0.0 35699932532.31562 790486.9881645463 881763.1083652049 
7.24064856530597e-13 4.472405189097008 -0.24822429533726437 8.624381617925528e-15 1.8148597979671549e-12 -1.208724080352487e-13 -4.954737195963092e-13 1.0056668152131337e-12 1.346458383412218e-12 5.594008003098057e-12 0.0 35832320191.94915 790766.0484931653 878974.5760606816 
0.8901038425957051 4.472405189097008 -0.24511969724555716 9.161508184654486e-15 2.465516986859741e-12 -1.1991811640585333e-13 -4.335059111426651e-13 1.0456147974243524e-12 1.346458383412218e-12 5.569275864343447e-12 0.0 35968754849.25669 791408.6091978754 868629.8705995228 
8.180646665062984e-13 4.472405189097008 -0.24511969724555716 9.34671101505341e-15 2.33130809820504e-12 -1.3103371586278787e-13 -6.321706221559805e-13 1.3873720803168152e-12 1.2909725600867555e-12 5.593976516118467e-12 0.0 36120875008.38499 791297.1060072401 874658.7473236586 
7.24064856530597e-13 4.472405189097008 -0.24511969724555716 9.34671101505341e-15 2.0031811600592475e-12 -1.1595234164679034e-13 -6.370305963114841e-13 1.3873720803168152e-12 1.0798838439148836e-12 5.569275864343447e-12 0.0 36174633772.56621 791425.1225513478 873253.5124724504 
8.180646665062984e-13 4.472405189097008 -0.24511969724555716 9.161508184654486e-15 2.263819692543228e-12 -1.1595234164679034e-13 -6.321706221559805e-13 1.0456147974243524e-12 1.0798838439148836e-12 5.569275864343447e-12 0.0 36182242950.65121 791434.5780421412 873237.8766800025 
7.24064856530597e-13 4.472405189097008 -0.24511969724555716 9.34671101505341e-15 2.0031811600592475e-12 -1.1595234164679034e-13 -6.370305963114841e-13 1.0456147974243524e-12 1.0798838439148836e-12 5.569275864343447e-12 0.0 36182243865.68743 791434.5773411327 873237.9135377065 
7.24064856530597e-13 4.472405189097008 -0.24511969724555716 1.073686989645169e-14 2.263819692543228e-12 -1.208724080352487e-13 -4.335059111426651e-13 1.3710710757958452e-12 9.090069656629828e-13 5.569275864343447e-12 0.0 36319987983.92844 791467.2116435894 875872.4434162257 
7.24064856530597e-13 4.472405189097008 -0.24511969724555716 1.073686989645169e-14 2.263819692543228e-12 -1.1595234164679034e-13 -4.335059111426651e-13 1.0456147974243524e-12 9.090069656629828e-13 5.569275864343447e-12 0.0 36327311701.61779 791476.2745131676 875857.6349494668 
-0.5136335082977799 4.472405189097008 -0.24822429533726437 8.991287225666393e-15 2.0010745395545873e-12 -1.1991811640585333e-13 -6.370305963114841e-13 1.0902434502892486e-12 1.0150607316891274e-12 5.5064856326457195e-12 0.0 37141161935.89975 792686.0072531615 870101.5701848973 
7.911762231614896e-13 4.472405189097008 -0.24996481542003302 1.2116425887789758e-14 2.465516986859741e-12 -1.1991811640585333e-13 -6.370305963114841e-13 1.3710710757958452e-12 1.346458383412218e-12 5.443606360011849e-12 0.0 39638236533.582436 796048.3959494011 860795.1637911067 
8.180646665062984e-13 0.7957291183676858 -0.24511969724555716 9.34671101505341e-15 2.465516986859741e-12 -1.3103371586278787e-13 -6.321706221559805e-13 1.0456147974243524e-12 1.2909725600867555e-12 5.569275864343447e-12 0.0 143448277365.9206 898939.9296343324 963128.4083328454 
-0.5136335082977799 0.019866909805283495 -0.22815477118754138 9.34671101505341e-15 2.0335006904787603e-12 -1.208724080352487e-13 -6.370305963114841e-13 1.0056668152131337e-12 1.2069014665509586e-12 5.593976516118467e-12 0.0 168359356353.45007 925577.159241266 958890.991749686 
7.911762231614896e-13 0.4323325185849025 -0.20692037106436362 1.073686989645169e-14 2.33130809820504e-12 -1.208724080352487e-13 -4.335059111426651e-13 1.3710710757958452e-12 9.090069656629828e-13 5.443606360011849e-12 0.0 171074475778.82504 937565.9746284544 912076.2767218465 
-0.6296727303494856 -0.7211749779717902 -0.2238530397421391 9.34671101505341e-15 2.0335006904787603e-12 -1.1991811640585333e-13 -4.954737195963092e-13 1.0056668152131337e-12 1.346458383412218e-12 5.593976516118467e-12 0.0 196298324917.14444 951935.6119743583 972083.7399500901 
7.911762231614896e-13 -0.7676989303054489 -0.26038470463507113 1.073686989645169e-14 2.465516986859741e-12 -1.1991811640585333e-13 -5.452121298217858e-13 1.0056668152131337e-12 1.346458383412218e-12 5.588873293707583e-12 0.0 204770872641.7563 946765.1433115844 1040686.7252778333 
-0.5136335082977799 -0.7211749779717902 -0.22815477118754138 1.073686989645169e-14 2.465516986859741e-12 -1.208724080352487e-13 -6.370305963114841e-13 1.3710710757958452e-12 9.381904614474136e-13 5.5064856326457195e-12 0.0 211058299207.6163 963858.1265437013 986908.0152279701 
-0.7649179861342414 -0.9297821306425929 -0.2238530397421391 9.34671101505341e-15 2.0335006904787603e-12 -1.208724080352487e-13 -4.954737195963092e-13 1.0056668152131337e-12 1.346458383412218e-12 5.443606360011849e-12 0.0 230948204079.85492 984615.5505092207 984368.6984029576 
8.304791603520247e-13 -0.9297821306425929 -0.24996481542003302 1.2116425887789758e-14 2.0010745395545873e-12 -1.208724080352487e-13 -6.321706221559805e-13 1.0902434502892486e-12 1.2069014665509586e-12 5.443606360011849e-12 0.0 237817706423.9558 979653.3475468172 1035550.7941179663 
-0.5136335082977799 4.248715474575624 0.476511765539976 9.990211833374698e-15 2.0031811600592475e-12 -1.1991811640585333e-13 -6.370305963114841e-13 1.0056668152131337e-12 9.249564317762118e-13 5.593976516118467e-12 0.0 735462389298.7468 1732891.0629075703 748264.3978093722 
7.425460536756926e-13 -0.7009429701695657 0.47893228538553734 1.1480635306547772e-14 2.465516986859741e-12 -1.4853039378368822e-13 -6.428137189938805e-13 1.1506041775551106e-12 1.346458383412218e-12 5.800748001225669e-12 0.0 965758018781.9401 1920688.267029769 824948.91764161 
8.729712958915597e-13 -0.7211749779717902 -0.7144971497807029 1.073686989645169e-14 2.263819692543228e-12 -1.208724080352487e-13 -6.321706221559805e-13 1.0902434502892486e-12 9.381904614474136e-13 5.593976516118467e-12 0.0 1071106831660.4226 1205199.0528939723 2353051.5383341787 
-0.8843498556992342 -0.23294386318870375 -0.7144971497807029 1.2116425887789758e-14 2.263819692543228e-12 -1.1991811640585333e-13 -6.321706221559805e-13 1.0056668152131337e-12 9.249564317762118e-13 5.5064856326457195e-12 0.0 1077958269509.821 1209516.6467910113 2345852.488778448 
7.187478611927881e-13 -0.9297821306425929 -0.8488489063242353 1.073686989645169e-14 2.0335006904787603e-12 -1.208724080352487e-13 -6.428137189938805e-13 1.3873720803168152e-12 1.2069014665509586e-12 5.967571362997922e-12 0.0 1743305971893.8674 1356421.1514104165 2874744.6685183723 
7.425460536756926e-13 -0.7009429701695657 -0.8488489063242353 9.34671101505341e-15 2.465516986859741e-12 -1.1595234164679034e-13 -6.370305963114841e-13 1.1506041775551106e-12 1.0798838439148836e-12 5.443606360011849e-12 0.0 2038184129407.7307 1444071.0840884608 2936563.9574000174 
8.180646665062984e-13 0.24795840110228862 -0.9787369756471669 1.073686989645169e-14 2.263819692543228e-12 -1.3103371586278787e-13 -6.321706221559805e-13 1.0902434502892486e-12 1.2069014665509586e-12 5.593976516118467e-12 0.0 2987372625585.388 1618948.232146352 3437917.8356878706 
-0.8084578635997874 0.7361209266769024 0.9091651076377301 1.0971350793371862e-14 2.465516986859741e-12 -1.5214420303845557e-13 -4.335059111426651e-13 1.3873720803168152e-12 1.0150607316891274e-12 5.443606360011849e-12 0.0 3817884047089.3677 3185111.5946894307 1567847.6729426 
-0.6296727303494856 0.7361209266769024 0.8713387278300502 0.015868414994272717 2.465516986859741e-12 -1.208724080352487e-13 -4.335059111426651e-13 1.0056668152131337e-12 1.2069014665509586e-12 5.967571362997922e-12 0.0 11789054632002.535 3629092.5115411603 4094711.99162403 
8.180646665062984e-13 -0.7009429701695657 -0.22815477118754138 0.1385672818691579 2.263819692543228e-12 -1.1595234164679034e-13 -4.954737195963092e-13 1.0456147974243524e-12 1.0798838439148836e-12 5.967571362997922e-12 0.0 4301669551328685.5 55700998.93851117 78281917.2430723 
7.425460536756926e-13 -0.7009429701695657 -0.8488489063242353 -0.1276076454652353 2.263819692543228e-12 -1.4853039378368822e-13 -5.452121298217858e-13 1.0056668152131337e-12 1.346458383412218e-12 5.443606360011849e-12 0.0 4529819278101922.0 57083853.59674436 80410250.4779419 
7.911762231614896e-13 4.472405189097008 -0.7144971497807029 0.32190762016402785 2.263819692543228e-12 -1.208724080352487e-13 -6.321706221559805e-13 1.0902434502892486e-12 9.381904614474136e-13 5.593976516118467e-12 0.0 1.2395595134469397e+17 304855786.5174735 407607999.71680784 
7.828151834918807e-13 -0.7211749779717902 -0.2238530397421391 -0.37187043015296917 2.0010745395545873e-12 -1.2915789848391855e-13 -4.335059111426651e-13 1.0456147974243524e-12 1.346458383412218e-12 5.967571362997922e-12 0.0 2.400876460487691e+17 426365442.1056656 564095242.5526977 
-0.8843498556992342 4.472405189097008 -0.24511969724555716 -0.6032415674035538 2.263819692543228e-12 -1.1595234164679034e-13 -4.954737195963092e-13 1.0456147974243524e-12 1.346458383412218e-12 5.5064856326457195e-12 0.0 1.6617656175353618e+18 1116748681.1461294 1489039051.3980987 
-0.20167877899390207 4.472405189097008 -0.7144971497807029 0.6301317973797085 2.263819692543228e-12 -1.208724080352487e-13 -6.321706221559805e-13 1.0456147974243524e-12 9.381904614474136e-13 5.593976516118467e-12 0.0 1.8704008182292777e+18 1181403116.934264 1584208597.26017 
7.828151834918807e-13 0.7361209266769024 0.8713387278300502 8.592058146096358e-15 -0.03154007532554037 -1.208724080352487e-13 -4.335059111426651e-13 1.0056668152131337e-12 1.2069014665509586e-12 5.967571362997922e-12 0.0 4.710183705563118e+19 5829117749.46813 8081479940.919904 
-0.8843498556992342 4.472405189097008 -0.24511969724555716 9.34671101505341e-15 -0.21334882938832211 -1.1991811640585333e-13 -6.321706221559805e-13 1.0456147974243524e-12 1.346458383412218e-12 5.5064856326457195e-12 0.0 1.0472899264533924e+23 276820408896.2326 378329317588.667 
7.911762231614896e-13 -0.7009429701695657 -0.8488489063242353 8.592058146096358e-15 0.23712555460587503 -1.4853039378368822e-13 -4.335059111426651e-13 1.3873720803168152e-12 1.346458383412218e-12 5.967571362997922e-12 0.0 1.584606489091568e+23 341243783417.41974 464363029838.9784 
-0.6296727303494856 -0.7676989303054489 -0.22815477118754138 8.592058146096358e-15 -0.24496488622078116 -1.208724080352487e-13 -6.321706221559805e-13 1.0456147974243524e-12 1.0798838439148836e-12 5.967571362997922e-12 0.0 1.819422151900248e+23 364880939678.89795 498635498271.7414 
-0.8843498556992342 0.36734171612626 -0.24511969724555716 1.073686989645169e-14 0.2451726293421177 -1.1991811640585333e-13 -6.321706221559805e-13 1.3710710757958452e-12 1.346458383412218e-12 5.593976516118467e-12 0.0 1.8197891293773098e+23 365676374641.14417 497651198699.16406 
7.828151834918807e-13 -0.9038577761786009 -0.24996481542003302 1.0971350793371862e-14 0.36669385789929665 -1.3103371586278787e-13 -5.876477175354716e-13 1.3710710757958452e-12 1.346458383412218e-12 5.5064856326457195e-12 0.0 9.110855697584666e+23 817945039128.2947 1113872401663.7307 
8.180646665062984e-13 4.472405189097008 -0.24822429533726437 8.624381617925528e-15 -0.37881399367153357 -1.208724080352487e-13 -6.321706221559805e-13 1.0056668152131337e-12 1.2069014665509586e-12 5.5064856326457195e-12 0.0 1.0400678852179976e+24 872775577926.8535 1191679516798.7644 
-0.4717323220266265 -0.7676989303054489 -0.2238530397421391 9.34671101505341e-15 2.465516986859741e-12 0.011769773062666467 -6.428137189938805e-13 1.0456147974243524e-12 1.346458383412218e-12 5.588873293707583e-12 0.0 4.175849079690438e+24 1745298105896.0332 2392629007076.3115 
8.180646665062984e-13 4.472405189097008 -0.24996481542003302 9.161508184654486e-15 -0.5642475155940627 -1.4853039378368822e-13 -6.321706221559805e-13 1.0456147974243524e-12 1.0798838439148836e-12 5.588873293707583e-12 0.0 5.117730603234087e+24 1936414363703.2017 2642891253716.6724 
-0.7377966901511976 4.248715474575624 -0.08211040151514637 -0.6032415674035538 0.7238961217649418 -1.1595234164679034e-13 -6.321706221559805e-13 1.0456147974243524e-12 9.249564317762118e-13 5.594008003098057e-12 0.0 1.364522325738032e+25 3181546021643.7026 4288866601709.772 
-0.5136335082977799 0.019866909805283495 -0.22815477118754138 8.991287225666393e-15 0.7923897488372309 -1.1991811640585333e-13 -6.370305963114841e-13 1.0902434502892486e-12 1.0798838439148836e-12 5.593976516118467e-12 0.0 1.988036664980439e+25 3819359934708.129 5205157642517.884 
8.180646665062984e-13 0.24795840110228862 0.30410135411381645 9.990211833374698e-15 0.8175652050048681 -1.3103371586278787e-13 -6.321706221559805e-13 1.3873720803168152e-12 1.2069014665509586e-12 5.593976516118467e-12 0.0 2.255926670570274e+25 4068532945124.9053 5544817055333.678 
-0.4934912733436587 -0.7556276139663294 -0.2238530397421391 1.073686989645169e-14 -0.8733101663131317 -1.5214420303845557e-13 -4.335059111426651e-13 1.3873720803168152e-12 9.381904614474136e-13 5.967571362997922e-12 0.0 2.935864677991911e+25 4638522146579.518 6329311491711.218 
7.828151834918807e-13 -0.9297821306425929 0.8713387278300502 1.0971350793371862e-14 2.465516986859741e-12 -0.25273707545799207 -4.335059111426651e-13 1.3873720803168152e-12 1.2069014665509586e-12 5.967571362997922e-12 0.0 8.883417096305184e+29 805086333284603.6 1103411738258935.6 
-0.893816394401145 -0.25180361221303893 -0.24996481542003302 1.0971350793371862e-14 1.8148597979671549e-12 -0.42441927864158635 -5.422827131186342e-13 1.0056668152131337e-12 9.381904614474136e-13 5.593976516118467e-12 0.0 7.064933885895821e+30 2270385717104530.0 3111776926274761.0 
7.911762231614896e-13 4.472405189097008 -0.7144971497807029 9.161508184654486e-15 0.004133652979238178 -0.526888360574679 -4.335059111426651e-13 1.0456147974243524e-12 1.346458383412218e-12 5.593976516118467e-12 0.0 1.677796084822251e+31 3498868396799027.0 4795253478858601.0 
7.645239795894045e-13 4.472405189097008 -0.8488489063242353 -0.37187043015296917 2.0010745395545873e-12 0.7039090442437206 -6.428137189938805e-13 1.3873720803168152e-12 9.249564317762118e-13 5.967571362997922e-12 0.0 5.340046630388931e+31 6241899315789740.0 8555163037510374.0 
8.180646665062984e-13 -0.7211749779717902 -0.16116094114030455 9.34671101505341e-15 2.263819692543228e-12 -1.1991811640585333e-13 -0.015875008642224353 1.0456147974243524e-12 1.2909725600867555e-12 5.593976516118467e-12 0.0 6.14356950483604e+31 6692329708074185.0 9180016187953840.0 
7.911762231614896e-13 -0.25180361221303893 -0.7144971497807029 9.161508184654486e-15 1.8148597979671549e-12 -0.8773734758247769 -6.321706221559805e-13 1.0056668152131337e-12 9.381904614474136e-13 5.593976516118467e-12 0.0 1.2902218121292999e+32 9702338862071348.0 1.3298049373154818e+16 
0.7049357760757626 4.472405189097008 -0.26038470463507113 1.2116425887789758e-14 2.33130809820504e-12 -1.3103371586278787e-13 -0.032157829077523514 1.3873720803168152e-12 1.2909725600867555e-12 5.593976516118467e-12 0.0 1.0344529931209016e+33 2.746148238619687e+16 3.766923353231313e+16 
8.180646665062984e-13 0.8203282254123396 -0.24511969724555716 0.3855582576632801 -0.5071505708369526 -1.208724080352487e-13 -0.051169323651734766 1.0456147974243524e-12 1.2069014665509586e-12 5.569275864343447e-12 0.0 6.756526929127037e+33 7.018410877393304e+16 9.626861475098859e+16 
7.828151834918807e-13 -0.7211749779717902 -0.7144971497807029 1.073686989645169e-14 2.465516986859741e-12 -1.4853039378368822e-13 -0.09655935357708345 1.3710710757958452e-12 9.381904614474136e-13 5.593976516118467e-12 0.0 8.408942347810005e+34 2.4759404247522003e+17 3.3962619874737376e+17 
7.911762231614896e-13 4.472405189097008 -0.10109376134172399 9.34671101505341e-15 2.0335006904787603e-12 -1.1991811640585333e-13 0.13796190635206163 1.3873720803168152e-12 1.2069014665509586e-12 5.967571362997922e-12 0.0 3.504270953321344e+35 5.054395027851064e+17 6.9331164936992e+17 
7.828151834918807e-13 0.7361209266769024 0.8713387278300502 1.0971350793371862e-14 2.465516986859741e-12 -1.208724080352487e-13 0.19245682661732033 1.3873720803168152e-12 1.0150607316891274e-12 5.443606360011849e-12 0.0 1.3270770548282118e+36 9.835995500342712e+17 1.3492046176545981e+18 
7.425460536756926e-13 -0.7211749779717902 -0.2238530397421391 9.34671101505341e-15 2.465516986859741e-12 -1.4853039378368822e-13 0.32983852537923997 1.1506041775551106e-12 1.346458383412218e-12 5.593976516118467e-12 0.0 1.14489674292325e+37 2.889038374378809e+18 3.962899049998666e+18 
-0.6296727303494856 4.472405189097008 -0.22815477118754138 -0.8476982664857922 -0.24496488622078116 -1.208724080352487e-13 -0.5081446125437097 1.0056668152131337e-12 1.2069014665509586e-12 5.967571362997922e-12 0.0 6.455263346626443e+37 6.860023065570084e+18 9.409973239048724e+18 
-0.5136335082977799 -0.25180361221303893 -0.22815477118754138 8.991287225666393e-15 2.0010745395545873e-12 -1.1991811640585333e-13 0.5812909283462186 1.0056668152131337e-12 9.381904614474136e-13 5.593976516118467e-12 0.0 1.1044221005342862e+38 8.97299923437654e+18 1.2308282567362947e+19 
7.828151834918807e-13 0.7361209266769024 0.8713387278300502 1.0971350793371862e-14 2.263819692543228e-12 -1.208724080352487e-13 -0.6737358602200756 1.3873720803168152e-12 1.0150607316891274e-12 5.443606360011849e-12 0.0 1.993054612941137e+38 1.2053954063768089e+19 1.653444672509585e+19 
-0.6296727303494856 -0.7009429701695657 -0.22815477118754138 8.592058146096358e-15 2.465516986859741e-12 -1.4853039378368822e-13 0.6921246464920132 1.3873720803168152e-12 1.2069014665509586e-12 5.967571362997922e-12 0.0 2.2197200508952832e+38 1.2720939232410817e+19 1.74493408886031e+19 
-0.5136335082977799 -0.8605262539233791 -0.24996481542003302 0.6355767669429337 2.33130809820504e-12 -1.1991811640585333e-13 -0.7561319478620041 1.3873720803168152e-12 9.381904614474136e-13 5.593976516118467e-12 0.0 3.1619020980307484e+38 1.5182554632908941e+19 2.0825889808934556e+19 
7.828151834918807e-13 -0.7211749779717902 0.02291306725141573 1.073686989645169e-14 2.465516986859741e-12 -1.4853039378368822e-13 0.9522525427405775 1.3710710757958452e-12 9.381904614474136e-13 5.593976516118467e-12 0.0 7.95370783511101e+38 2.407991066747419e+19 3.3030470689638756e+19 
7.24064856530597e-13 4.248715474575624 0.476511765539976 9.990211833374698e-15 0.9268311791961927 -1.4853039378368822e-13 -0.9591582550476072 1.3710710757958452e-12 9.249564317762118e-13 5.593976516118467e-12 0.0 8.171943198682712e+38 2.440801521840465e+19 3.3480572367559733e+19 
7.828151834918807e-13 0.4323325185849025 -0.756343513477667 1.1480635306547772e-14 2.4542603504943736e-12 -1.208724080352487e-13 0.9883711895013254 1.3873720803168152e-12 1.346458383412218e-12 5.443606360011849e-12 0.0 9.230836658409972e+38 2.5941231171989926e+19 3.558364904583729e+19 
-0.5136335082977799 0.019866909805283495 -0.22815477118754138 8.991287225666393e-15 2.0010745395545873e-12 -1.208724080352487e-13 -6.370305963114841e-13 0.25089830025489923 9.381904614474136e-13 5.569275864343447e-12 0.0 1.7384464988165745e+43 3.5602597973263925e+21 4.882920342279729e+21 
7.425460536756926e-13 -0.7211749779717902 0.476511765539976 9.34671101505341e-15 2.4542603504943736e-12 -1.1991811640585333e-13 -6.321706221559805e-13 -0.45175061636042657 1.346458383412218e-12 5.443606360011849e-12 0.0 1.8271132689639585e+44 1.1542071578879821e+22 1.5830028920521417e+22 
8.304791603520247e-13 4.472405189097008 0.7085678623471665 1.0971350793371862e-14 2.465516986859741e-12 -0.6469294337646174 -4.954737195963092e-13 -0.6542565629892649 1.2909725600867555e-12 5.443606360011849e-12 0.0 8.053213301613112e+44 2.4231795747578314e+22 3.323407553242494e+22 
7.828151834918807e-13 -0.7211749779717902 -0.2238530397421391 9.34671101505341e-15 2.263819692543228e-12 -1.1991811640585333e-13 -6.321706221559805e-13 0.7436244676671917 1.346458383412218e-12 5.593976516118467e-12 0.0 1.3414828944613736e+45 3.1274731915998887e+22 4.289350578813836e+22 
-0.7082120450943208 0.36375002562004144 -0.24996481542003302 0.687308920094581 2.263819692543228e-12 -1.1991811640585333e-13 -6.370305963114841e-13 -0.7949609248756011 9.381904614474136e-13 5.443606360011849e-12 0.0 1.7520772535803945e+45 3.574190139024323e+22 4.902025872800024e+22 
-0.6296727303494856 4.472405189097008 -0.22815477118754138 9.34671101505341e-15 -0.24496488622078116 -1.208724080352487e-13 -6.321706221559805e-13 1.0056668152131337e-12 -0.07291287937842683 5.967571362997922e-12 0.0 5.712157875210616e+47 6.450771862941134e+23 8.854999055270019e+23 
0.8901038425957051 -0.7009429701695657 -0.24511969724555716 8.592058146096358e-15 2.465516986859741e-12 -1.4853039378368822e-13 -4.335059111426651e-13 1.3710710757958452e-12 -0.30218592662264276 5.569275864343447e-12 0.0 1.6853063866062088e+50 1.1080287142734632e+25 1.5209952277376383e+25 
7.24064856530597e-13 4.248715474575624 -0.7144971497807029 9.990211833374698e-15 1.8148597979671549e-12 -1.208724080352487e-13 -5.422827131186342e-13 1.0056668152131337e-12 -0.6653546455396626 5.593976516118467e-12 0.0 3.960907518722765e+51 5.371665157458707e+25 7.373705178221943e+25 
-0.8843498556992342 4.472405189097008 -0.24511969724555716 9.990211833374698e-15 0.2451726293421177 0.07746546207271532 -4.335059111426651e-13 1.0056668152131337e-12 0.7855438192123814 5.593976516118467e-12 0.0 7.695981498915181e+51 7.487616478753846e+25 1.0278279504235523e+26 
7.828151834918807e-13 -0.7211749779717902 -0.2238530397421391 9.34671101505341e-15 0.4087393089453766 -1.1991811640585333e-13 -6.321706221559805e-13 1.0456147974243524e-12 1.346458383412218e-12 -0.024116583394623525 0.0 3.1887510479228637e+52 1.5219536764394869e+26 2.0951695818907858e+26 
7.425460536756926e-13 -0.7211749779717902 0.09779752608291914 1.073686989645169e-14 2.465516986859741e-12 -1.4853039378368822e-13 0.08945035012360991 -0.7533776756083006 1.346458383412218e-12 -0.1754526757750352 0.0 9.004230120979752e+55 8.087544579509454e+27 1.1133453463481124e+28 
-0.8084578635997874 4.472405189097008 -0.24996481542003302 0.050089861947857806 2.263819692543228e-12 -1.5214420303845557e-13 -5.452121298217858e-13 1.3710710757958452e-12 1.140354284573011e-12 0.20392009391445476 0.0 1.6300375288493277e+56 1.088152912373816e+28 1.4979857245369912e+28 
8.180646665062984e-13 4.472405189097008 0.11031626072996126 -0.6032415674035538 2.263819692543228e-12 -0.422815567047361 -4.954737195963092e-13 1.3710710757958452e-12 1.0798838439148836e-12 -0.24777547368758301 0.0 3.5529689636649978e+56 1.6065225819339433e+28 2.211589804973615e+28 
-0.4934912733436587 4.472405189097008 -0.5780464742268048 1.0971350793371862e-14 1.8148597979671549e-12 -1.5214420303845557e-13 -4.335059111426651e-13 1.0056668152131337e-12 1.0150607316891274e-12 0.5471305873254062 0.0 8.447369518869042e+57 7.833428309340884e+28 1.0783745232972989e+29 
8.180646665062984e-13 -0.7009429701695657 -0.8488489063242353 8.592058146096358e-15 2.465516986859741e-12 0.7922512711836391 -4.335059111426651e-13 1.3710710757958452e-12 1.346458383412218e-12 0.6445012702965964 0.0 1.6264963194756003e+58 1.0869702804310272e+29 1.4963576730272969e+29 
8.729712958915597e-13 -0.7211749779717902 -0.24511969724555716 1.073686989645169e-14 2.5059820666678365e-12 -1.083599267018534e-13 -6.321706221559805e-13 1.0456147974243524e-12 9.381904614474136e-13 -0.7965530884393064 0.0 3.7950405166218805e+58 1.660348810962934e+29 2.2856887008103515e+29 
7.24064856530597e-13 4.472405189097008 -0.7144971497807029 1.2116425887789758e-14 2.33130809820504e-12 -1.208724080352487e-13 -6.321706221559805e-13 1.0056668152131337e-12 1.2069014665509586e-12 0.8367461338666835 0.0 4.6209617230128705e+58 1.832134330585162e+29 2.5221740818190936e+29 
-0.893816394401145 -0.9038577761786009 -0.24996481542003302 1.0971350793371862e-14 2.263819692543228e-12 -1.3103371586278787e-13 -5.876477175354716e-13 1.0056668152131337e-12 1.140354284573011e-12 -0.8964916595685075 0.0 6.088951678238264e+58 2.103111948716187e+29 2.89521044372135e+29 
7.828151834918807e-13 -0.7009429701695657 -0.9624665201224598 1.1480635306547772e-14 2.465516986859741e-12 -1.208724080352487e-13 -6.321706221559805e-13 1.1506041775551106e-12 1.346458383412218e-12 0.9313964794411975 0.0 7.094076731339376e+58 2.2700690514214125e+29 3.1250488732478832e+29 
7.425460536756926e-13 0.41672916093121626 -0.22815477118754138 1.073686989645169e-14 2.465516986859741e-12 -1.208724080352487e-13 -4.335059111426651e-13 1.3710710757958452e-12 9.090069656629828e-13 5.569275864343447e-12 0.10345948206777611 5.088166497356723e+61 6.063731609415155e+30 8.391147275476916e+30 
8.180646665062984e-13 4.472405189097008 -0.24511969724555716 1.073686989645169e-14 2.465516986859741e-12 -1.4853039378368822e-13 -6.321706221559805e-13 1.3873720803168152e-12 1.0798838439148836e-12 5.593976516118467e-12 -0.23491826203870048 1.3525310099604548e+63 3.1263164011566647e+31 4.326276794824893e+31 
-0.9979535697487896 -0.7211749779717902 -0.2238530397421391 9.34671101505341e-15 2.4542603504943736e-12 -1.1991811640585333e-13 -4.335059111426651e-13 1.3873720803168152e-12 9.381904614474136e-13 5.593976516118467e-12 -0.34057618958744884 5.974990831539865e+63 6.570946557859024e+31 9.093044326153618e+31 
7.425460536756926e-13 -0.7211749779717902 -0.8488489063242353 9.34671101505341e-15 2.4542603504943736e-12 -1.4853039378368822e-13 -6.428137189938805e-13 1.3873720803168152e-12 1.346458383412218e-12 5.443606360011849e-12 -0.35296821299938586 6.89322570956238e+63 7.057819754992882e+31 9.76679193979973e+31 
-0.6296727303494856 0.6699852613749022 -0.20692037106436362 8.991287225666393e-15 2.465516986859741e-12 -1.1991811640585333e-13 -6.321706221559805e-13 1.3873720803168152e-12 1.346458383412218e-12 5.967571362997922e-12 -0.41300493999689913 1.292114796009651e+64 9.662952912956905e+31 1.3371841999530746e+32 
7.24064856530597e-13 -0.9297821306425929 0.7985869083644772 -0.7102017543606247 2.465516986859741e-12 -1.208724080352487e-13 -6.321706221559805e-13 1.0056668152131337e-12 1.2069014665509586e-12 5.443606360011849e-12 -0.41966255887792614 1.3774663930590117e+64 9.976996489016093e+31 1.3806423552173206e+32 
0.12228801806106482 -0.7009429701695657 -0.8488489063242353 8.991287225666393e-15 2.465516986859741e-12 -1.1991811640585333e-13 -6.370305963114841e-13 1.1506041775551106e-12 9.381904614474136e-13 5.593976516118467e-12 0.5831152978433698 5.1344964140820054e+64 1.926230436449404e+32 2.6655670665999635e+32 
7.911762231614896e-13 4.472405189097008 -0.24822429533726437 8.624381617925528e-15 1.8148597979671549e-12 -1.1991811640585333e-13 -4.954737195963092e-13 1.0056668152131337e-12 -0.8375234559095479 -0.9964972104331706 -0.5822023744528135 5.222913369559246e+64 1.959363600865276e+32 2.6656172275797872e+32 
-0.5136335082977799 -0.25557429095764794 -0.24996481542003302 9.34671101505341e-15 2.465516986859741e-12 -1.4853039378368822e-13 -6.370305963114841e-13 1.3710710757958452e-12 9.381904614474136e-13 5.443606360011849e-12 0.6251757177790092 6.784041873907705e+64 2.214132329989666e+32 3.0639730886994316e+32 
