9.136119902734658e-13 9.812594860549696 -0.26926579077174134 7.249571927019763e-15 2.0966748954363074e-12 -5.768887558592403e-14 -3.6644602125946584e-13 1.145641703357185e-12 9.671004125525844e-13 4.828354816782152e-12 9.276684416045683e-18
9.039055741417558e-13 9.193537618759645 -0.2739365375162495 7.057011979866578e-15 2.2458164034242367e-12 -5.977240712184735e-14 -3.5129225356114824e-13 1.054687153518302e-12 1.0074923331723751e-12 4.840838721396148e-12 1.0113918349614872e-17
9.68545879185459e-13 8.837950421539311 -0.27461546454831415 6.769627570204154e-15 2.128857824832682e-12 -6.084217860182031e-14 -3.6738058323574715e-13 1.0131943496774603e-12 1.0801117364887912e-12 4.9866946723625705e-12 9.191660228947025e-18
8.487889204416094e-13 9.540313351925706 -0.2824339086527461 7.243931204475547e-15 1.961854468766082e-12 -6.080534316718989e-14 -3.9735616230229903e-13 1.2454507819748666e-12 9.460876943566364e-13 4.899171916035671e-12 1.0031440057671289e-17
1.0189030106082876e-12 8.086924396563587 -0.27865207195370867 6.320126037885806e-15 2.1963469523800792e-12 -6.162140280656106e-14 -3.4504361456537187e-13 1.0578975747034987e-12 9.856604546997106e-13 4.711236256164245e-12 9.470207981713313e-18
1.0417452861614707e-12 9.053383504904778 -0.29461965867968903 6.2587408895082204e-15 1.8541179754641822e-12 -5.926270076456536e-14 -4.0872730806609394e-13 1.1795557120647675e-12 9.824189791275171e-13 5.154816602068111e-12 9.663172589354876e-18
1.1005486271745476e-12 8.549808081198098 -0.2909962641722176 6.928270516821681e-15 2.055221138381374e-12 -5.848006334085794e-14 -3.7198226658059267e-13 1.1110870960296207e-12 9.372493688292006e-13 4.784474687956294e-12 8.839895637751543e-18
1.0708101191268632e-12 7.748958655875126 -0.2819920218239967 3.997807521490852e-15 1.6150028896955283e-12 -6.299866228189078e-14 -4.4185157695421433e-13 1.7907392025056262e-12 1.423665144232527e-12 5.319246483217492e-12 9.981888614267978e-18
1.029832393737858e-12 7.079797378954827 -0.2929062031078541 3.4754228283131912e-15 1.4300880576321828e-12 -5.3912834798821506e-14 -4.674144631086012e-13 2.029559899483287e-12 1.3382960882439377e-12 5.185522987508235e-12 1.0179651399092983e-17
1.3353882356785208e-12 8.268148839420832 -0.2980626472664035 5.6462003573921056e-15 1.5702209506296148e-12 -5.562331555002117e-14 -4.778819866435648e-13 1.3280537355592938e-12 1.0244118480963237e-12 4.791824061900008e-12 8.50148930460826e-18
1.1188957881127252e-12 -2.4814878339166295 -0.33145109323229793 5.515410532955322e-15 1.4628941948680136e-12 -5.397813182275232e-14 -4.504472470626122e-13 1.2963877778658333 9.213919242054939 5.3184840608737e-12 -1.2713198082479522
8.630276942773367e-13 7.191692934524403 -0.35729234791903874 8.160160409773144e-15 1.6748309490388848e-12 -4.7868238267821676e-14 -5.336109461143388e-13 1.1959308100146692e-12 1.3332694281442457e-12 4.555913604933048e-12 1.1957003181423415e-17