5.645380085012631e-13 0.2725191691010852 -0.08714973592849043 0.03730393368119158 1.754346321720268e-12 6.37605049315944e-05 -1.4940433297012022e-13 -6.491131811594276e-08 6.052486772659205e-13 1.7976522662061346e-11 4.3920607594346385e-16 4.2144073063628774e+27 204291.7492305051 233030.0104686452 
5.184889182381622e-13 0.26882884107232125 -0.08087504343322846 0.03730393368119158 1.859248173655236e-12 6.37605049315944e-05 -1.396614573611762e-13 -6.491131811594276e-08 5.949895195835773e-13 1.7976522662061346e-11 4.148148629147666e-16 4.2145273105751754e+27 204268.30589944433 233732.8125563242 
5.470919224502935e-13 0.25585966806039856 -0.08247176925323074 0.03730393368119158 1.859248173655236e-12 6.37605049315944e-05 -1.4173575750592958e-13 -6.49080895176604e-08 6.197909343530784e-13 1.7976522662061346e-11 4.3920607594346385e-16 4.223895924416943e+27 204655.18577926335 225422.46784528997 
5.470919224502935e-13 0.25585966806039856 -0.08714973592849043 0.03730393368119158 1.859248173655236e-12 6.37605049315944e-05 -1.4173575750592958e-13 -6.49080895176604e-08 6.052486772659205e-13 1.7976522662061346e-11 4.3920607594346385e-16 4.236662739774405e+27 205015.19662143683 219012.10288888792 
5.470919224502935e-13 0.24258086988774313 -0.09706766347256275 0.03730393368119158 2.0248705541661516e-12 6.37605049315944e-05 -1.396614573611762e-13 -6.491131811594276e-08 6.45783519069731e-13 1.7976522662061346e-11 4.322064561680336e-16 4.2375645827406164e+27 204874.08324238865 223051.97342877352 
5.724531508490029e-13 0.25585966806039856 -0.08714973592849043 0.03730393368119158 1.754346321720268e-12 6.37605049315944e-05 -1.3588749977071912e-13 -6.49080895176604e-08 6.052486772659205e-13 1.7976522662061346e-11 4.2769698448567204e-16 4.2440868107311265e+27 204913.3464386451 223699.56884838367 
5.645380085012631e-13 0.2725191691010852 -0.08247176925323074 0.03917114431054108 1.8093499682547225e-12 6.37605049315944e-05 -1.396614573611762e-13 -6.470416788797839e-08 5.705651890084887e-13 1.7976522662061346e-11 4.0390208208594095e-16 4.256526465779967e+27 205037.84538539452 223576.39719379082 
5.645380085012631e-13 0.2725191691010852 -0.08247176925323074 0.03917114431054108 1.8093499682547225e-12 6.37605049315944e-05 -1.396614573611762e-13 -6.470416788797839e-08 5.818150091814035e-13 1.7976522662061346e-11 4.0390208208594095e-16 4.2575411653694695e+27 205047.93384035295 223567.84550556244 
5.645380085012631e-13 0.2725191691010852 -0.08714973592849043 0.039526770974456185 1.7807369743524384e-12 6.401943339580943e-05 -1.4940433297012022e-13 -6.49080895176604e-08 5.328597625647129e-13 1.7976522662061346e-11 4.392375250794574e-16 4.262385804800132e+27 205105.33459073896 223274.8887809304 
5.645380085012631e-13 0.2821145136168534 -0.08770251424457819 0.039526770974456185 2.0248705541661516e-12 6.401943339580943e-05 -1.4173575750592958e-13 -6.49080895176604e-08 5.949895195835773e-13 1.7976522662061346e-11 4.148148629147666e-16 4.2627857764521e+27 205108.5781693132 223291.37007311833 
5.501858533317011e-13 0.25585966806039856 -0.08714973592849043 0.039526770974456185 1.7807369743524384e-12 6.401943339580943e-05 -1.4940433297012022e-13 -6.49080895176604e-08 5.328597625647129e-13 1.7976522662061346e-11 4.392375250794574e-16 4.263462772110738e+27 205122.06632822138 223101.662174972 
5.645380085012631e-13 0.2725191691010852 -0.08087504343322846 0.039526770974456185 1.859248173655236e-12 6.401350388839363e-05 -1.3588749977071912e-13 -6.49080895176604e-08 5.949895195835773e-13 1.7976522662061346e-11 4.148148629147666e-16 4.263631218398165e+27 205083.4393526379 224198.84098403147 
5.957881141815003e-13 0.2725191691010852 -0.08676210430915222 0.03917114431054108 1.8093499682547225e-12 6.37605049315944e-05 -1.4940433297012022e-13 -6.470416788797839e-08 6.154312344289737e-13 1.7976522662061346e-11 4.3920607594346385e-16 4.2640219077784913e+27 205142.77581837686 222685.24589585903 
5.184889182381622e-13 0.28193638720359065 -0.08770251424457819 0.039526770974456185 1.8943569368548107e-12 6.401943339580943e-05 -1.4173575750592958e-13 -6.49080895176604e-08 6.45783519069731e-13 1.7976522662061346e-11 4.0390208208594095e-16 4.264689142466245e+27 205127.3839541336 223277.966335758 
5.184889182381622e-13 0.26665427906989275 -0.08714973592849043 0.039526770974456185 1.8093499682547225e-12 6.401943339580943e-05 -1.354300762638234e-13 -6.49080895176604e-08 6.45783519069731e-13 1.7976522662061346e-11 4.0390208208594095e-16 4.2651455562404195e+27 205133.9636403145 223218.401414455 
5.470919224502935e-13 0.2570171014564989 -0.0831575931708482 0.039526770974456185 1.695703066533956e-12 6.401943339580943e-05 -1.4173575750592958e-13 -6.49080895176604e-08 6.45783519069731e-13 1.7976522662061346e-11 4.0390208208594095e-16 4.2652847284001476e+27 205111.26210490786 223873.3843624799 
5.184889182381622e-13 0.26776994737513476 -0.08770251424457819 0.039526770974456185 2.0248705541661516e-12 6.401943339580943e-05 -1.4173575750592958e-13 -6.49080895176604e-08 6.45783519069731e-13 1.7976522662061346e-11 4.0390208208594095e-16 4.265571501449044e+27 205141.29536050075 223130.42500862697 
5.645380085012631e-13 0.2821145136168534 -0.08714973592849043 0.039526770974456185 1.859248173655236e-12 6.401943339580943e-05 -1.396614573611762e-13 -6.49080895176604e-08 5.949895195835773e-13 1.7976522662061346e-11 4.392375250794574e-16 4.266470553548231e+27 205142.74074978186 223326.32825014606 
6.119945511434481e-13 0.2837641641289851 -0.08676210430915222 0.03995833650213743 1.8093499682547225e-12 6.37605049315944e-05 -1.4173575750592958e-13 -6.49080895176604e-08 6.052486772659205e-13 1.7976522662061346e-11 4.148148629147666e-16 4.2687107515331554e+27 205249.36761091827 221023.2431858533 
5.470919224502935e-13 0.2725191691010852 -0.09006700755178736 0.03834753546927238 1.8160456521994705e-12 6.37605049315944e-05 -1.375616815143514e-13 -6.451564849960281e-08 5.432837363030183e-13 1.7976522662061346e-11 4.0390208208594095e-16 4.271030302883551e+27 205232.5328331572 222079.33101244541 
5.724531508490029e-13 0.2974826289196847 -0.08676210430915222 0.039526770974456185 1.859248173655236e-12 6.401943339580943e-05 -1.4940433297012022e-13 -6.49080895176604e-08 5.818150091814035e-13 1.7976522662061346e-11 4.770275008192865e-16 4.2710366704995746e+27 205181.2902243352 223471.7297017701 
5.184889182381622e-13 0.25585966806039856 -0.08714973592849043 0.039526770974456185 1.7807369743524384e-12 6.401943339580943e-05 -1.4940433297012022e-13 -6.49080895176604e-08 6.45783519069731e-13 1.7976522662061346e-11 4.392375250794574e-16 4.272028031999764e+27 205207.66029617452 223013.54976315168 
5.957881141815003e-13 0.28193638720359065 -0.08676210430915222 0.03995833650213743 1.6819259291484252e-12 6.37605049315944e-05 -1.447808042779088e-13 -6.49080895176604e-08 6.052486772659205e-13 1.7976522662061346e-11 4.3920607594346385e-16 4.2729401980901276e+27 205293.03715688994 220942.15101602775 
5.645380085012631e-13 0.2725191691010852 -0.08247176925323074 0.03910372085115373 1.8093499682547225e-12 6.37605049315944e-05 -1.4172103830353788e-13 -6.470416788797839e-08 6.154312344289737e-13 1.7976522662061346e-11 4.67768772703086e-16 4.2736917496395836e+27 205271.57344635105 221715.31348663956 
5.470919224502935e-13 0.3096053483985066 -0.09216186814872997 0.03834753546927238 1.6819259291484252e-12 6.37605049315944e-05 -1.4173575750592958e-13 -6.451564849960281e-08 6.45783519069731e-13 1.7976522662061346e-11 4.148148629147666e-16 4.277282284263622e+27 205295.20925815433 222008.29097403074 
5.470919224502935e-13 0.33167640338093873 -0.09006700755178736 0.039526770974456185 1.8160456521994705e-12 6.37605049315944e-05 -1.4173575750592958e-13 -6.486219499930007e-08 6.200185341004263e-13 1.7976522662061346e-11 3.75514980921048e-16 4.278524678434514e+27 205549.6356251433 215552.18295473064 
5.247578696943247e-13 0.25585966806039856 -0.08087504343322846 0.03981297421047019 1.754346321720268e-12 6.37605049315944e-05 -1.396614573611762e-13 -6.49080895176604e-08 6.155739070583046e-13 1.7976522662061346e-11 4.148148629147666e-16 4.2815371873080193e+27 205470.32052405988 218409.30755740852 
5.957881141815003e-13 0.2725191691010852 -0.08676210430915222 0.03839322117734531 1.8093499682547225e-12 6.37605049315944e-05 -1.4512273417600208e-13 -6.451564849960281e-08 6.052486772659205e-13 1.7976522662061346e-11 4.3920607594346385e-16 4.284600285793217e+27 205310.7454913658 223490.75552991423 
6.119945511434481e-13 0.2725191691010852 -0.08628716814424822 0.03917114431054108 1.754346321720268e-12 6.401943339580943e-05 -1.335124163802826e-13 -6.49080895176604e-08 6.052486772659205e-13 1.7976522662061346e-11 4.2541577114308833e-16 4.2919732367046377e+27 205696.06079275016 215097.64563087886 
5.957881141815003e-13 0.26776994737513476 -0.08628716814424822 0.03917114431054108 1.754346321720268e-12 6.401943339580943e-05 -1.3032756275534394e-13 -6.49080895176604e-08 6.052486772659205e-13 1.7976522662061346e-11 4.483750192851068e-16 4.296587535583369e+27 205744.33284629672 214991.4961508445 
5.957881141815003e-13 0.26776994737513476 -0.08770251424457819 0.03917114431054108 2.0248705541661516e-12 6.401943339580943e-05 -1.3032756275534394e-13 -6.49080895176604e-08 6.052486772659205e-13 1.7976522662061346e-11 4.483750192851068e-16 4.2976278573927596e+27 205762.82671278372 214768.75174887798 
5.645380085012631e-13 0.3025634335204034 -0.09216186814872997 0.03917114431054108 1.6819259291484252e-12 6.43205110215398e-05 -1.4173575750592958e-13 -6.49080895176604e-08 5.89265101019676e-13 1.7976522662061346e-11 4.483750192851068e-16 4.3021711731725806e+27 205262.79258900337 229447.1146273655 
5.724531508490029e-13 0.2725191691010852 -0.08676210430915222 0.039526770974456185 1.859248173655236e-12 6.37605049315944e-05 -1.396614573611762e-13 -6.470416788797839e-08 5.818150091814035e-13 1.7976522662061346e-11 4.2454148777801723e-16 4.307593424849782e+27 205222.4661565715 232033.64983629403 
5.184889182381622e-13 0.24610609422301002 -0.08247176925323074 0.039526770974456185 1.859248173655236e-12 6.37605049315944e-05 -1.5379103225575674e-13 -6.470416788797839e-08 6.230920522141417e-13 1.7976522662061346e-11 4.148148629147666e-16 4.312362957617322e+27 205248.2327294263 232589.91259505987 
5.957881141815003e-13 0.33167640338093873 -0.08676210430915222 0.039526770974456185 1.8093499682547225e-12 6.37605049315944e-05 -1.447808042779088e-13 -6.49080895176604e-08 6.052486772659205e-13 1.7976522662061346e-11 4.3920607594346385e-16 4.329393844805037e+27 206183.1913435388 211740.5520057779 
5.645380085012631e-13 0.3025634335204034 -0.08247176925323074 0.039526770974456185 1.8020968109801824e-12 6.37605049315944e-05 -1.396614573611762e-13 -6.49080895176604e-08 6.155739070583046e-13 1.7976522662061346e-11 4.148148629147666e-16 4.330620934918589e+27 206175.66296404426 212234.44109291077 
5.883852446358429e-13 0.2821145136168534 -0.08467600137549036 0.039526770974456185 1.8093499682547225e-12 6.37605049315944e-05 -1.396614573611762e-13 -6.49080895176604e-08 5.818150091814035e-13 1.7976522662061346e-11 3.9783895209531545e-16 4.3307531128327323e+27 206194.72486304017 211776.79465146206 
5.724531508490029e-13 0.2974826289196847 -0.08676210430915222 0.039526770974456185 1.859248173655236e-12 6.37605049315944e-05 -1.4173575750592958e-13 -6.49080895176604e-08 5.818150091814035e-13 1.7976522662061346e-11 4.2454148777801723e-16 4.3333994401394e+27 206230.14944522176 211514.28432987555 
5.184889182381622e-13 0.2725191691010852 -0.07843964281662885 0.039526770974456185 1.859248173655236e-12 6.37605049315944e-05 -1.5379103225575674e-13 -6.49080895176604e-08 5.328597625647129e-13 1.7976522662061346e-11 4.148148629147666e-16 4.334036782727599e+27 206188.69055953278 212736.4706758384 
5.645380085012631e-13 0.2725191691010852 -0.08247176925323074 0.039526770974456185 1.8093499682547225e-12 6.37605049315944e-05 -1.41326480204444e-13 -6.49080895176604e-08 5.818150091814035e-13 1.7976522662061346e-11 4.148148629147666e-16 4.335027163424866e+27 206226.55508585664 212004.1862677411 
5.957881141815003e-13 0.28193638720359065 -0.08676210430915222 0.039526770974456185 1.7807369743524384e-12 6.37605049315944e-05 -1.447808042779088e-13 -6.49080895176604e-08 6.052486772659205e-13 1.7976522662061346e-11 4.055076765767573e-16 4.335715740923295e+27 206256.010291941 211416.40689385225 
5.724531508490029e-13 0.2974826289196847 -0.08823937066081808 0.039526770974456185 1.859248173655236e-12 6.37605049315944e-05 -1.396614573611762e-13 -6.49080895176604e-08 5.818150091814035e-13 1.7976522662061346e-11 4.2454148777801723e-16 4.335741420691719e+27 206260.86038358352 211298.41625829242 
5.786963794904815e-13 0.2725191691010852 -0.07626471944443597 0.039526770974456185 1.859248173655236e-12 6.37605049315944e-05 -1.396614573611762e-13 -6.49080895176604e-08 5.328597625647129e-13 1.7976522662061346e-11 4.055076765767573e-16 4.3359261799775695e+27 206190.32591736637 213158.3111376844 
6.201968330068557e-13 0.28193638720359065 -0.07843964281662885 0.039526770974456185 1.859248173655236e-12 6.37605049315944e-05 -1.396614573611762e-13 -6.49080895176604e-08 5.818150091814035e-13 1.7976522662061346e-11 4.148148629147666e-16 4.336036417566711e+27 206205.79414807912 212785.9742073496 
5.645380085012631e-13 0.2821145136168534 -0.08628716814424822 0.039526770974456185 2.0353850048746568e-12 6.37605049315944e-05 -1.396614573611762e-13 -6.49080895176604e-08 6.052486772659205e-13 1.7976522662061346e-11 4.148148629147666e-16 4.336440868957174e+27 206261.10929589652 211462.52630091863 
5.577746462987576e-13 0.3025634335204034 -0.08676210430915222 0.039526770974456185 1.8093499682547225e-12 6.37605049315944e-05 -1.4512273417600208e-13 -6.49080895176604e-08 6.45783519069731e-13 1.7976522662061346e-11 4.3920607594346385e-16 4.3386211163566413e+27 206282.01829404623 211458.10181356763 
5.184889182381622e-13 0.28193638720359065 -0.08676210430915222 0.039526770974456185 1.7053859682273226e-12 6.37605049315944e-05 -1.447808042779088e-13 -6.49080895176604e-08 6.052486772659205e-13 1.7976522662061346e-11 4.3149750686545435e-16 4.339522782445709e+27 206295.08984563185 211342.86183769582 
5.645380085012631e-13 0.2725191691010852 -0.09006700755178736 0.039526770974456185 1.8093499682547225e-12 6.37605049315944e-05 -1.396614573611762e-13 -6.49080895176604e-08 5.705651890084887e-13 1.7976522662061346e-11 4.0390208208594095e-16 4.342265614276853e+27 206337.92537500564 210914.01410633037 
5.184889182381622e-13 0.26882884107232125 -0.08676210430915222 0.039526770974456185 1.7053859682273226e-12 6.37605049315944e-05 -1.447808042779088e-13 -6.49080895176604e-08 6.45783519069731e-13 1.7976522662061346e-11 4.148148629147666e-16 4.3427549364114614e+27 206329.70266687253 211243.23259443705 
5.957881141815003e-13 0.2725191691010852 -0.08676210430915222 0.039526770974456185 1.8093499682547225e-12 6.37605049315944e-05 -1.447808042779088e-13 -6.49080895176604e-08 6.052486772659205e-13 1.7976522662061346e-11 4.3920607594346385e-16 4.342861301691288e+27 206330.74055040363 211242.536814667 
5.284484665451095e-13 0.25585966806039856 -0.08676210430915222 0.039526770974456185 1.859248173655236e-12 6.37605049315944e-05 -1.3588749977071912e-13 -6.49080895176604e-08 5.818150091814035e-13 1.7976522662061346e-11 4.2454148777801723e-16 4.343108888144461e+27 206336.04974440235 211166.8755240601 
5.184889182381622e-13 0.25585966806039856 -0.08087504343322846 0.039526770974456185 1.754346321720268e-12 6.37605049315944e-05 -1.3588749977071912e-13 -6.49080895176604e-08 6.45783519069731e-13 1.7976522662061346e-11 4.148148629147666e-16 4.3447600343086724e+27 206315.9365380587 212084.81933079945 
5.184889182381622e-13 0.2725191691010852 -0.09006700755178736 0.039526770974456185 1.859248173655236e-12 6.37605049315944e-05 -1.5379103225575674e-13 -6.49080895176604e-08 6.052486772659205e-13 1.7976522662061346e-11 4.148148629147666e-16 4.3455078728472336e+27 206371.4807411313 210843.73355581224 
5.645380085012631e-13 0.2725191691010852 -0.08714973592849043 0.039526770974456185 1.9103409602013704e-12 6.37605049315944e-05 -1.4173575750592958e-13 -6.49080895176604e-08 6.481209156520887e-13 1.7976522662061346e-11 4.3920607594346385e-16 4.34613631795019e+27 206365.6468640704 211145.40836847428 
5.184889182381622e-13 0.27617550829079607 -0.08628716814424822 0.039526770974456185 1.8093499682547225e-12 6.37605049315944e-05 -1.4940433297012022e-13 -6.49080895176604e-08 6.052486772659205e-13 1.7976522662061346e-11 4.770275008192865e-16 4.3473258549536014e+27 206373.18803657315 211241.45060583646 
5.470919224502935e-13 0.26776994737513476 -0.08714973592849043 0.039526770974456185 2.0248705541661516e-12 6.37605049315944e-05 -1.3182643898030518e-13 -6.49080895176604e-08 6.45783519069731e-13 1.7976522662061346e-11 4.467547119398519e-16 4.3482235640367175e+27 206387.75494455133 211086.83793246932 
6.119945511434481e-13 0.3096053483985066 -0.07843964281662885 0.03919331740113264 1.727045230871865e-12 6.37605049315944e-05 -1.4173575750592958e-13 -6.49080895176604e-08 6.155739070583046e-13 1.7976522662061346e-11 4.148148629147666e-16 4.4665982221285027e+27 207687.24524984704 206366.3085936808 
5.645380085012631e-13 0.3025634335204034 -0.08714973592849043 0.03917114431054108 1.859248173655236e-12 6.37605049315944e-05 -1.396614573611762e-13 -6.49080895176604e-08 6.052486772659205e-13 1.7976522662061346e-11 4.483750192851068e-16 4.485151087897396e+27 207931.1141192211 204596.5812701271 
5.184889182381622e-13 0.2725191691010852 -0.07843964281662885 0.03917114431054108 1.859248173655236e-12 6.37605049315944e-05 -1.4076290216455905e-13 -6.49080895176604e-08 6.197909343530784e-13 1.7976522662061346e-11 4.148148629147666e-16 4.492118936446742e+27 207951.52377768082 205685.4429509189 
5.184889182381622e-13 0.2725191691010852 -0.08714973592849043 0.03917114431054108 1.8093499682547225e-12 6.37605049315944e-05 -1.4940433297012022e-13 -6.49080895176604e-08 6.052486772659205e-13 1.7976522662061346e-11 4.770275008192865e-16 4.499904163171892e+27 208079.66120991603 204303.36526746012 
5.470919224502935e-13 0.2725191691010852 -0.07626471944443597 0.03917114431054108 1.8093499682547225e-12 6.37605049315944e-05 -1.4512273417600208e-13 -6.451564849960281e-08 5.818150091814035e-13 1.7976522662061346e-11 4.0390208208594095e-16 4.531150944244495e+27 206764.64729675735 247819.5284914941 
5.470919224502935e-13 0.2759453821503827 -0.09815931946466662 0.03910372085115373 2.0248705541661516e-12 6.37605049315944e-05 -1.396614573611762e-13 -6.491131811594276e-08 5.794386657449485e-13 1.7976522662061346e-11 4.148148629147666e-16 4.577879243225253e+27 208884.53665905917 202145.64253290903 
5.786963794904815e-13 0.2725191691010852 -0.08247176925323074 0.038992832693878855 1.7868972712426702e-12 6.37605049315944e-05 -1.396614573611762e-13 -6.49080895176604e-08 5.328597625647129e-13 1.7976522662061346e-11 4.0390208208594095e-16 4.5914065103293403e+27 209008.20394487426 202136.8048035098 
4.988023868352272e-13 0.2921117884847615 -0.08628716814424822 0.03834753546927238 1.8160456521994705e-12 6.401943339580943e-05 -1.375616815143514e-13 -6.49080895176604e-08 6.052486772659205e-13 1.7976522662061346e-11 4.770275008192865e-16 4.6818566756141125e+27 209925.98431244324 199726.46618174406 
5.470919224502935e-13 0.26776994737513476 -0.08676210430915222 0.03834753546927238 1.6689013072997605e-12 6.401943339580943e-05 -1.4028363369145338e-13 -6.49080895176604e-08 6.154312344289737e-13 1.7976522662061346e-11 4.3920607594346385e-16 4.689911960660134e+27 210001.26543253398 199652.9160646749 
5.645380085012631e-13 0.3025634335204034 -0.09815931946466662 0.03917114431054108 1.8093499682547225e-12 6.43205110215398e-05 -1.4076290216455905e-13 -6.470416788797839e-08 5.818150091814035e-13 1.7976522662061346e-11 4.483750192851068e-16 4.757979423709655e+27 208569.38564780552 254594.3433762123 
5.470919224502935e-13 0.2725191691010852 -0.07105593725742905 0.039526770974456185 1.859248173655236e-12 6.37605049315944e-05 -1.396614573611762e-13 -6.451564849960281e-08 5.705651890084887e-13 1.7976522662061346e-11 4.055076765767573e-16 4.8111460649700205e+27 208819.56484757032 261193.91222192015 
5.184889182381622e-13 0.2725191691010852 -0.07626471944443597 0.03839322117734531 1.8093499682547225e-12 6.37605049315944e-05 -1.4173575750592958e-13 -6.49080895176604e-08 6.45783519069731e-13 1.7976522662061346e-11 4.0390208208594095e-16 5.164729168008129e+27 214328.5857484694 194193.7758878066 
5.645380085012631e-13 0.2725191691010852 -0.08247176925323074 0.03834753546927238 1.6689013072997605e-12 6.37605049315944e-05 -1.4028363369145338e-13 -6.49080895176604e-08 5.705651890084887e-13 1.7976522662061346e-11 4.0390208208594095e-16 5.210307449181096e+27 214750.84869046672 193172.1589038507 
5.184889182381622e-13 0.2725191691010852 -0.07843964281662885 0.03834753546927238 1.859248173655236e-12 6.37605049315944e-05 -1.5379103225575674e-13 -6.49080895176604e-08 6.197909343530784e-13 1.7976522662061346e-11 4.148148629147666e-16 5.216658745337473e+27 214791.77852788538 193428.64361437532 
5.645380085012631e-13 0.2725191691010852 -0.09006700755178736 0.03834753546927238 1.8160456521994705e-12 6.37605049315944e-05 -1.375616815143514e-13 -6.49080895176604e-08 6.052486772659205e-13 1.7976522662061346e-11 4.4130271003934646e-16 5.23021774343221e+27 214943.86951547902 192518.4135375359 
5.184889182381622e-13 0.2725191691010852 -0.08628716814424822 0.03730393368119158 1.7210135238420344e-12 6.401943339580943e-05 -1.41326480204444e-13 -6.49080895176604e-08 6.052486772659205e-13 1.7976522662061346e-11 4.770275008192865e-16 6.016907807607607e+27 221258.5979170389 188088.77841126925 
5.184889182381622e-13 0.2725191691010852 -0.08859635766449324 0.03730393368119158 1.8093499682547225e-12 6.401943339580943e-05 -1.4940433297012022e-13 -6.491131811594276e-08 6.052486772659205e-13 1.7976522662061346e-11 4.770275008192865e-16 6.046969942238867e+27 221485.47412292348 187956.70800600317 
5.184889182381622e-13 0.26665427906989275 -0.09815931946466662 0.03910372085115373 1.8093499682547225e-12 6.269298441912318e-05 -1.41326480204444e-13 -6.470416788797839e-08 7.053515480116533e-13 1.7976522662061346e-11 4.148148629147666e-16 6.161802952924787e+27 222347.25285397618 187389.31749076227 
5.957881141815003e-13 0.2725191691010852 -0.08247176925323074 0.03730393368119158 1.699974440141461e-12 6.37605049315944e-05 -1.4076290216455905e-13 -6.49080895176604e-08 6.154312344289737e-13 1.7976522662061346e-11 4.67768772703086e-16 7.185897191135847e+27 229379.93100454548 185575.03578471823 
5.645380085012631e-13 0.26882884107232125 -0.08087504343322846 0.03730393368119158 1.859248173655236e-12 6.37605049315944e-05 -1.41326480204444e-13 -6.491131811594276e-08 5.949895195835773e-13 1.7976522662061346e-11 4.148148629147666e-16 7.220724629301552e+27 229591.5034127573 185784.13177889487 
5.184889182381622e-13 0.29359121454353465 -0.09209206369306057 0.03730393368119158 1.754346321720268e-12 6.37605049315944e-05 -1.396614573611762e-13 -6.491131811594276e-08 6.052486772659205e-13 1.7976522662061346e-11 4.3920607594346385e-16 7.221870555241142e+27 229597.1768082063 185816.7717034398 
5.470919224502935e-13 0.26882884107232125 -0.08087504343322846 0.03730393368119158 2.143958122671238e-12 6.37605049315944e-05 -1.4594224179492973e-13 -6.491131811594276e-08 5.949895195835773e-13 1.7976522662061346e-11 4.322064561680336e-16 7.222505660311777e+27 229606.01726924238 185719.63409649802 
5.645380085012631e-13 0.3025634335204034 -0.09706766347256275 0.03730393368119158 1.8020968109801824e-12 6.37605049315944e-05 -1.396614573611762e-13 -6.491131811594276e-08 6.155739070583046e-13 1.7976522662061346e-11 4.148148629147666e-16 7.246124142096937e+27 229735.2975898465 186138.2676652078 
5.470919224502935e-13 0.24258086988774313 -0.08714973592849043 0.03730393368119158 1.5949570953758431e-12 6.37605049315944e-05 -1.396614573611762e-13 -6.491131811594276e-08 6.052486772659205e-13 1.7976522662061346e-11 4.322064561680336e-16 7.274996422460943e+27 229936.73240100066 185761.2121019634 
5.184889182381622e-13 0.2725191691010852 -0.0849340202616767 0.036055982953383685 1.875940059610122e-12 6.37605049315944e-05 -1.4173575750592958e-13 -6.49080895176604e-08 6.052486772659205e-13 1.7976522662061346e-11 4.3920607594346385e-16 1.2338088989751278e+28 255393.82873055842 188790.23178140415 
5.038394726111936e-13 0.3025634335204034 -0.08467600137549036 0.039526770974456185 1.8093499682547225e-12 6.37605049315944e-05 -1.5800735721094167e-13 -6.491131811594276e-08 5.818150091814035e-13 1.7581160401260895e-11 4.0390208208594095e-16 1.3834907549175776e+28 260875.4902427516 196810.99250840404 
5.957881141815003e-13 0.2725191691010852 -0.08247176925323074 0.03541521782265309 1.8093499682547225e-12 6.37605049315944e-05 -1.4076290216455905e-13 -6.491131811594276e-08 6.052486772659205e-13 1.7976522662061346e-11 4.1756747087457687e-16 1.725828286475898e+28 272758.61095507717 195220.8330649599 
5.470919224502935e-13 0.2821145136168534 -0.08714973592849043 0.035234634113067674 1.859248173655236e-12 6.37605049315944e-05 -1.396614573611762e-13 -6.49080895176604e-08 6.052486772659205e-13 1.7976522662061346e-11 4.148148629147666e-16 1.8881456506037942e+28 277542.3785233816 198127.5258753396 
6.119945511434481e-13 0.2821145136168534 -0.08628716814424822 0.03917114431054108 1.6710915578471278e-12 6.37605049315944e-05 -1.3625054200222458e-13 -6.605115949608125e-08 5.949895195835773e-13 1.7976522662061346e-11 4.3920607594346385e-16 3.4153484170078277e+28 311076.9161217804 221554.43690547431 
5.645380085012631e-13 0.2725191691010852 -0.09815931946466662 0.03910372085115373 1.8093499682547225e-12 6.076608623990863e-05 -1.41326480204444e-13 -6.470416788797839e-08 5.818150091814035e-13 1.7976522662061346e-11 4.148148629147666e-16 4.314718380599929e+28 325496.4066271287 229671.6087442628 
5.501858533317011e-13 0.25585966806039856 -0.09706766347256275 0.039526770974456185 2.0248705541661516e-12 6.144474848580212e-05 -1.396614573611762e-13 -6.58213124702992e-08 5.328597625647129e-13 1.828607102067355e-11 4.322064561680336e-16 4.824005738217765e+28 332550.034460771 234754.62070700264 
5.038394726111936e-13 0.3025634335204034 -0.08467600137549036 0.039526770974456185 1.8093499682547225e-12 6.37605049315944e-05 -1.4173575750592958e-13 -6.49080895176604e-08 6.45783519069731e-13 1.7249053543555336e-11 4.3920607594346385e-16 8.37497360853733e+28 369231.4671782818 270675.8976107492 
5.038394726111936e-13 0.3025634335204034 -0.08676210430915222 0.039526770974456185 1.8093499682547225e-12 6.773977313460546e-05 -1.4691804584384624e-13 -6.491131811594276e-08 6.147923900451697e-13 1.7976522662061346e-11 4.3920607594346385e-16 1.0774207185373364e+29 374889.5128054606 652145.2320418651 
5.645380085012631e-13 0.2725191691010852 -0.09006700755178736 0.039526770974456185 1.8160456521994705e-12 6.37605049315944e-05 -1.396614573611762e-13 -6.686368815852295e-08 5.728253312574524e-13 1.7976522662061346e-11 4.148148629147666e-16 2.5184592977675686e+29 455940.44483184244 341170.6922469574 
5.184889182381622e-13 0.25585966806039856 -0.08714973592849043 0.03730393368119158 1.859248173655236e-12 6.050291780442706e-05 -1.3588749977071912e-13 -6.49080895176604e-08 6.052486772659205e-13 1.7976522662061346e-11 4.2769698448567204e-16 3.185236840227335e+29 477224.6916610255 352887.2764012079 
5.724531508490029e-13 0.2974826289196847 -0.08676210430915222 0.039526770974456185 1.859248173655236e-12 5.940668528956777e-05 -1.4028363369145338e-13 -6.49080895176604e-08 5.818150091814035e-13 1.7976522662061346e-11 4.2454148777801723e-16 3.234939806036975e+29 478584.4375740507 355113.11566067545 
5.957881141815003e-13 0.28193638720359065 -0.08247176925323074 0.03834753546927238 1.6689013072997605e-12 5.817691177663545e-05 -1.4076290216455905e-13 -6.451564849960281e-08 6.154312344289737e-13 1.7976522662061346e-11 4.3920607594346385e-16 1.1047462130479129e+30 604870.7249398475 472877.2995952546 
6.119945511434481e-13 0.2725191691010852 -0.08087504343322846 0.03730393368119158 1.859248173655236e-12 6.401943339580943e-05 -1.3625054200222458e-13 -6.803840588552403e-08 5.949895195835773e-13 1.7976522662061346e-11 4.2541577114308833e-16 1.2469212327584971e+31 959064.7794619675 857031.0232858171 
6.119945511434481e-13 0.3025634335204034 -0.08467600137549036 0.03995833650213743 1.6819259291484252e-12 6.37605049315944e-05 -1.4173575750592958e-13 -6.09381454791146e-08 6.297068294340054e-13 1.7976522662061346e-11 4.3920607594346385e-16 2.578595642161184e+31 1075494.6103026797 1848035.3053468906 
5.184889182381622e-13 0.2725191691010852 -0.0849340202616767 0.039526770974456185 1.875940059610122e-12 6.401943339580943e-05 -1.4173575750592958e-13 -6.949887127027841e-08 6.45783519069731e-13 1.7976522662061346e-11 4.3920607594346385e-16 9.41581798503837e+31 1410043.595142029 1375551.2262386417 
5.470919224502935e-13 0.3025634335204034 -0.08676210430915222 0.039526770974456185 1.8093499682547225e-12 6.37605049315944e-05 -1.4691804584384624e-13 -5.931324767291581e-08 5.818150091814035e-13 1.7976522662061346e-11 4.3920607594346385e-16 4.735860324112772e+32 1884945.748995589 3122648.1037354064 
5.645380085012631e-13 0.26776994737513476 -0.09006700755178736 0.03837840228429538 2.0248705541661516e-12 6.401943339580943e-05 -1.4173575750592958e-13 -5.891843862304314e-08 6.45783519069731e-13 1.7976522662061346e-11 4.148148629147666e-16 7.243820787280775e+32 2045980.4867192768 3367451.1341345287 
5.645380085012631e-13 0.28193638720359065 -0.08676210430915222 0.03910372085115373 1.8129334096637392e-12 6.37605049315944e-05 -1.447808042779088e-13 -5.860938171942438e-08 5.72707344219676e-13 1.7976522662061346e-11 4.3149750686545435e-16 1.2708366226459482e+33 2280068.3440314145 3730370.638382933 
5.645380085012631e-13 0.2821145136168534 -0.07843964281662885 0.039526770974456185 1.8093499682547225e-12 6.401943339580943e-05 -1.3680923949591577e-13 -7.139386042387068e-08 6.45783519069731e-13 1.7976522662061346e-11 4.148148629147666e-16 2.310615283813411e+33 2599484.3547323192 2795490.432576026 
