0.4953580074820516 -0.6851171927449846 0.4608887502065784 -0.9978644118524465 -0.2277561513437456 0.870110537439849 0.2840510905238389 -0.9873524803292717 -0.744995846804428 0.37299415462832464 0.06749661516451466 
2.0915314974877676e+29
6.185538788218023e+30





-0.561578372821302 0.17856639106846361 -0.7971509685215203 0.26196031465801406 -0.21988046992631904 -0.9758620361860912 -0.08574964659810091 0.8825327149938837 -0.8128082511286354 -0.7859785103194381 0.04813204522125303 
2.499280178981667e+29
3.5008025871247467e+30





-0.6971195761394939 -0.933638657102912 0.9640805011422298 -0.12792132174916682 0.06292440701243818 0.40204021328548567 0.5342090471953755 -0.9597513127678605 0.5558638229403463 0.12293146557250045 -0.06911783734068222 
3.0291969768888494e+29
6.464771801674063e+30





-0.6333580094854538 -0.7023756036896647 -0.6341321117332077 -0.5530496147578112 -0.02619330020773747 0.093912772814704 -0.8182531492044358 -0.3622359982412191 -0.8149090622674435 -0.1471826490633128 -0.10108536946669511 
5.7575227892859194e+29
1.3976501266110834e+31





-0.5333486008292874 0.36031199701604555 -0.052011055711456367 -0.431568776168632 0.7486955449925705 -0.24410729037225587 0.3043452450526074 -0.21702110596585955 -0.038429807793397774 0.6380703637207077 0.1153121386980629 
6.184933843706751e+29
1.8218571177677073e+31





0.04610662318962455 0.09182368838413013 0.2403656205730862 0.40999551237734777 -0.7114564182027929 -0.9222947785920774 -0.8969189920562539 -0.7316901812142393 0.9234506391054076 0.034827590199544955 -0.10674141289625494 
6.795362987058347e+29
1.5372581435598522e+31





-0.5596129954094378 0.3892701528962592 0.0344587627058941 0.2165953994064551 0.49640619821527476 0.7034236441570214 -0.28219251271359047 -0.3392685872603878 0.09248424012045575 -0.9594283932061967 0.10332586702039182 
9.152964547420401e+29
1.5158459351832932e+31





0.9478213363671484 0.030916103439364795 0.9492270303876464 0.7553204904095119 0.04777109554555148 0.6579778116987758 -0.8907427368732765 -0.7639780237783731 -0.1110927015245824 0.12891649357181012 -0.12808566196263604 
1.0176109830406413e+30
2.2336325641510804e+31





-0.6377903961802647 0.7365609186439828 -0.4362486361048197 -0.43961892502219424 -0.4087019281628237 0.43603470336627037 0.7745047486080325 0.22569999586559186 -0.435258947067394 -0.7682835466518201 -0.14664216391008877 
1.0180944212485721e+30
2.951276925026032e+31





0.17255826335908764 -0.44508233624639426 -0.7347086041754454 0.19016092912422433 0.5896836426691094 0.17945118054080234 -0.8021667283776972 -0.642094631886746 -0.9549600009609662 -0.8146050274054297 -0.14733991144831338 
1.018668560341424e+30
2.9915380967934744e+31





0.5846674485196992 -0.06375257769699294 -0.2925004152226782 -0.2889875865537834 0.08393830784899259 -0.6208509844924655 -0.9827622611835658 0.2701589465187124 -0.23921939238368117 -0.2009494743613791 0.18400434371834207 
2.1027315237955532e+30
4.60179851129207e+31





-0.7697426865237713 -0.4963977357713809 -0.6333826151512534 -0.8642417466221162 0.2368043724998634 -0.29908041901894533 -0.8019742194288508 -0.3688133583614084 -0.6184858609599702 0.16533785673223345 -0.18434207107497635 
2.1041892148208712e+30
4.635569508214552e+31





-0.8384951344054343 0.018629479731375964 -0.9642866284661566 0.567639224696517 0.3292712977113095 -0.44795914172411466 0.10886909969289071 0.6236395023568304 0.5112410951344073 0.8979078575369948 -0.21071062333745139 
3.1328673931219685e+30
6.087652049021899e+31





0.8236800073259845 -0.385779401597351 -0.5866668811231561 -0.007443373651715657 0.9007369567079937 -0.5897619499919478 -0.2541497949214524 0.589207337183022 -0.6781117529867735 -0.5181950687719596 -0.28164536018977016 
4.367504329493745e+30
1.0800375635769127e+32





-0.01556329554603586 -0.24994228049215494 -0.5540822725604686 0.40280015639349487 -0.9225646860135222 0.13941720955943948 0.735022522699377 0.11677812349233374 0.6622369072899827 -0.41097647690942485 0.30394908734436044 
5.822321867564534e+30
1.259991451780745e+32





0.021847823206362804 0.7976580622417131 0.8797292585382279 0.9252417622277216 -0.1759477574602799 -0.7319150685773268 -0.6740528913672637 0.44387264269218774 0.38528585506655566 -0.7503405646516432 -0.3687062373380401 
7.391199762491519e+30
1.8458259540239434e+32





-0.9801533896958043 -0.3984696514385673 -0.29085996835570627 0.3946527527148569 0.6506367250541141 -0.4116773279087944 -0.759553183075262 -0.7847399445221073 0.7122675567178807 0.008231357525557037 0.36656436877655874 
7.99346424162344e+30
1.8288009091528885e+32





0.11105081061364586 -0.1452706748169339 -0.7933756449941838 0.27908609053121824 -0.4616404070545854 -0.19862622827177057 0.22943415108899834 -0.002376819292372323 -0.8408963260375977 0.14911322455799003 -0.37616633968104174 
8.570010381360853e+30
1.9271152883501285e+32





-0.5684948292710039 0.5650466577768922 0.8498964011936632 0.26280909829024823 0.20020187318762428 -0.03650999162744739 -0.6748455109745413 0.0645012035201078 -0.26365465577621894 -0.2634915214114335 -0.418848950298103 
1.0155101773890945e+31
2.3842853277520222e+32





-0.38697338988373353 0.6508837933151144 0.45437317325559823 0.13205201002155387 0.9489432706618071 -0.4171044971820663 0.5807692903454391 0.771387552778318 0.24081055538496798 0.8076468115912874 -0.40813681618927844 
1.0740653731760633e+31
2.2696404753400432e+32





-0.44885461924046033 -0.6453011033511271 -0.5750206466779317 0.29494473624441375 -0.49897478891757285 0.39190258103459197 0.3718817073431524 0.3549783739214414 0.5744822670419807 0.7147316870289815 -0.4242337715457296 
1.1455195114825442e+31
2.4489094259179956e+32





-0.4219884928682016 0.9510072218870596 -0.2686014530431571 -0.79244183032336 0.2924795956368116 -0.6518916443912564 0.2583212614210775 0.23988305913875263 -0.11798001886600251 -0.606943081491915 0.48181236378341064 
1.4535396280440944e+31
3.158999862028181e+32





-0.19629745885708294 -0.5710490878857728 -0.5862877140174056 0.6391680227244989 -0.6569148970170093 0.5231848183365926 0.2245774919628325 -0.5736309324172533 -0.7366875659452616 0.3509159760906937 0.5034752167140233 
1.45958651860951e+31
3.438886794324891e+32





-0.8750429145175855 -0.27017060685555294 -0.7018934460105994 0.48884375749575626 0.5576690762712779 0.679966468023447 -0.2093876889432822 0.14117906728350604 0.6547254306071586 -0.16965901690969276 -0.5009396841646243 
1.4674258473768171e+31
3.405225577500818e+32





0.9469718328865993 0.026022925616162818 -0.510681846038777 -0.9843083562929376 -0.5744807185176337 0.6533555215521223 -0.8835994431549796 -0.5382606587096372 -0.8840646958074165 0.7980319316429343 -0.5218236794569566 
1.7277658412794675e+31
3.7135521618281256e+32





-0.6760561507130309 -0.45941644002896975 0.36188154334925904 -0.9715447137968412 -0.20904427661751912 -0.40407533419599084 -0.527864215630288 -0.531892332297079 -0.2054401598427169 -0.8006557452222709 0.5492336730773533 
1.9041527330956437e+31
4.106090282298785e+32





0.3479277078560803 0.8325326080068998 -0.9648597367123084 0.8767480368422744 0.47928472643497977 0.15211644635794208 -0.14667899182769495 -0.11103507295227155 -0.7149774972958909 -0.7886981724559823 0.5560661248145398 
1.9466557613025652e+31
4.205283781924624e+32





-0.5818889613129805 0.38673696212190944 0.5575640554089991 -0.9902818977596677 0.818236655987274 0.6585114289927609 0.7336401638708028 -0.8803873312146817 0.7342334161732083 0.19491610343372567 0.589883470682204 
2.041489574067139e+31
4.732100192074695e+32





0.44567738105807475 0.07640697142183495 -0.6544723142138471 0.1339687766835873 -0.657260953908485 -0.9810466577766777 0.08705075504236315 -0.8859855861448804 -0.04753839014456651 0.6434088513886262 0.603549080772239 
2.067847619032536e+31
4.947568708631402e+32





0.9864027160049766 -0.4427675612960358 -0.7239678752672143 0.9150581212777862 -0.4024342450901799 0.42543839359419455 0.08849267512172232 0.3909415930446678 0.09698091803357434 0.25189888904506774 0.6553722431823354 
2.510900441680147e+31
5.83552451179649e+32





-0.8180157930885397 -0.5647650495300593 0.12744722609816517 0.06485667660187211 -0.33062193322531175 -0.07404669860837165 -0.21357179233885515 -0.37178481489039816 0.05046435431464302 -0.4779308364171726 0.6927754836213249 
2.935656490797771e+31
6.526703421942784e+32





-0.7152469628865976 -0.13661121944515542 -0.1768137394270557 -0.5328684196713633 0.36447871149775146 -0.947476069938542 0.9012405870604467 0.10849786834064501 0.2597909338383686 0.7745487924378103 0.7324888059408297 
3.0483029118996838e+31
7.290022293207994e+32





-0.6218411677782436 0.3442492325644453 -0.06559237832381326 0.5204220444433749 0.3059478981548267 -0.62943772372717 -0.09275507737102284 -0.3217924363940696 -0.2656115831685235 0.395071077522513 0.7295339453601275 
3.0888101598672404e+31
7.227328237888243e+32





-0.9805729531302552 -0.2709546442385742 0.7655544210850078 0.40316413428116626 0.6382789544456686 0.3976440415293565 0.8298205486914747 -0.11149046145227848 -0.3801276216350993 -0.6627215109296083 0.7086300012934932 
3.1010838925347954e+31
6.827809168632489e+32





-0.8803742295953416 -0.5488553372027818 0.3607141841996886 0.5784807208155296 -0.9177805839372681 -0.3438165261788493 -0.7559514644757788 -0.6080221666512284 0.22180294051745175 -0.6272925838325718 0.7152045540472838 
3.1542523399390873e+31
6.959469574897962e+32





0.8671931640506061 0.4376266438185048 0.6106061229630639 0.6022426454280265 0.24600933488670895 0.4943985288909267 -0.8945045447187014 -0.3680036197013534 0.3435371376471197 -0.3516508964572347 -0.7370778387323891 
3.161265170785108e+31
7.377106816075329e+32





-0.2998140434834562 0.8023638522938368 0.12510871046565408 -0.8803609473326786 0.3405254095857373 -0.48842774621243557 -0.9394381191072598 -0.4259567341651769 0.8449431561871463 -0.581628520721976 0.730652659619524 
3.2839345220169816e+31
7.267703663982016e+32





0.8844699507826745 -0.8577275671101376 0.151597866729553 -0.06241912695047458 0.8894068080812996 0.9170810186335958 -0.9613159227900714 -0.8591569961817838 -0.730535463993494 0.7874184617720357 0.8129302465258075 
3.7635878423497385e+31
8.969466768936139e+32





-0.9414936209830835 -0.5278840098119568 -0.7041538030234822 0.4017412498700228 0.6068707711304617 0.30262195940096515 -0.09738094661072916 -0.35003719394475064 0.13702544259432936 0.4275110420922057 -0.8130613595557932 
4.0147016861659194e+31
8.986123271240245e+32





0.728229507853652 -0.4714027054790224 -0.19673523001459614 -0.8149681176592114 -0.5064421500112175 -0.9157468235071289 0.5081172292763267 0.20119585826304132 -0.3304507280849638 -0.6722468789600344 0.8201002407529783 
4.1340369437066725e+31
9.144245914574893e+32





0.9710934886196914 -0.2327766913768321 -0.04642808050777547 0.6107759125782624 0.7013503168245783 -0.29034709636250833 -0.7001217947352034 -0.8909873166303282 -0.8323201718222548 0.7896046555784189 -0.8233298091705392 
4.197460926973498e+31
9.229501932973457e+32





0.47128290021899355 0.30622388089685715 -0.8055543988167526 0.24814529368781613 0.2354377906490821 -0.9843402504866945 0.49445814336126914 0.1543480760614806 -0.9335796981380202 -0.7310456042307094 0.8349820505943562 
4.292025598415312e+31
9.474156982943856e+32





-0.8942180236834469 0.814020232080827 -0.9868785930835771 0.02731880488835947 0.7863532285285799 0.10563091150658566 0.09337443873041162 -0.6050867660513843 0.7195133810792564 0.46341757876106615 -0.8526721237827559 
4.415315541036167e+31
9.877556307288018e+32





-0.06571997154457909 -0.5697605050422783 -0.7152378719098542 -0.06398350964510624 -0.6244262284895354 -0.26387245356623024 -0.6430328064522024 -0.9791716029718507 0.1744062597458076 -0.25985599968264195 0.8566770248996152 
4.417496048910341e+31
9.976693639280779e+32





-0.06108930798471124 -0.9338045370598902 0.17009113052905112 0.3733685524617314 -0.28672524139867717 -0.4171153099226843 0.2779291502427361 0.20712968738343696 -0.3770666931760034 0.899422545859349 0.8993915040037264 
4.602934117031106e+31
1.0983377646671383e+33





-0.8670025006932907 -0.3645045451267894 0.12671935004622648 0.7548442042356185 0.49878362028416845 -0.6082264380000737 0.4406345743819986 0.7358927845475942 -0.3406692084863234 -0.14059586869364682 0.9007797892953826 
4.850410803871504e+31
1.1023277388286407e+33





0.9101775403759198 -0.1798750347069631 0.3043658634574107 0.16808482579006 -0.1949649612126101 0.9008109026461746 -0.7014318950014788 -0.7228086588772735 -0.11236984619825163 0.6360761481121044 0.9219977740104106 
4.903785135425856e+31
1.1545652081957531e+33





-0.9406498470100249 -0.21378176900460444 0.007578240731924257 -0.30180241895081017 0.548036029502956 -0.12931730135135977 0.41596985034804135 0.059712825011001724 -0.34822930333711666 0.46634905133564497 0.9468218004056472 
5.213599428655024e+31
1.2173895407897103e+33





-0.45107374432450653 -0.019660351190313508 0.7436029809667497 0.8857981685129734 0.16709505105806532 -0.25312881398045484 -0.7819893145892465 -0.9365163846704938 -0.14340899895720138 -0.851142162192654 0.9350987899017864 
5.396712073147939e+31
1.1892733684582661e+33





-0.8619397049238766 -0.8702623834334422 0.8256132873600315 0.01622667049625215 0.26252440914535025 -0.8917331123321228 -0.024114444430808124 -0.32333603585659443 0.8377248703847284 0.6823223778020986 -0.9807123386624221 
5.878303994442256e+31
1.3069307253553295e+33





