0.3479277078560803 0.8325326080068998 -0.3914990317365199 0.9252417622277216 -0.19811077312209324 -0.7319150685773268 -0.14667899182769495 -0.11103507295227155 -0.7149774972958909 -0.7886981724559823 -0.00598635596552799 
1.070463367076239e+28
4.085881975641638e+29





0.4953580074820516 -0.6851171927449846 0.4608887502065784 -0.9978644118524465 -0.2277561513437456 0.870110537439849 0.2840510905238389 -0.9873524803292717 -0.744995846804428 0.37299415462832464 0.06749661516451466 
2.0915314974877676e+29
6.185538788218023e+30





0.4953580074820516 0.030916103439364795 0.4608887502065784 0.7553204904095119 0.04777109554555148 0.6579778116987758 0.2840510905238389 -0.7639780237783731 -0.744995846804428 0.12891649357181012 0.06749661516451466 
2.4618066617458305e+29
6.132529018324558e+30





0.04610662318962455 0.09182368838413013 0.21168685229824113 0.26196031465801406 0.6083955288244494 -0.9758620361860912 0.2840510905238389 -0.7639780237783731 -0.744995846804428 0.12891649357181012 0.06749661516451466 
2.4618074743649084e+29
6.132528995113762e+30





-0.561578372821302 0.17856639106846361 -0.7971509685215203 0.26196031465801406 -0.21988046992631904 -0.9758620361860912 -0.08574964659810091 0.8825327149938837 -0.8128082511286354 -0.7859785103194381 0.04813204522125303 
2.499280178981667e+29
3.5008025871247467e+30





-0.6971195761394939 -0.933638657102912 0.9640805011422298 -0.12792132174916682 0.06292440701243818 0.40204021328548567 0.5342090471953755 -0.9597513127678605 0.5558638229403463 0.12293146557250045 -0.06911783734068222 
3.0291969768888494e+29
6.464771801674063e+30





-0.7697426865237713 0.8574754215697602 -0.5540822725604686 -0.683891045831047 -0.0640982108170498 0.7034236441570214 0.336774116340568 0.11677812349233374 0.6622369072899827 -0.41097647690942485 -0.10674141289625494 
5.679695593164677e+29
1.5450345015202379e+31





-0.06904389137623301 -0.5645059759638211 -0.6341321117332077 0.7553204904095119 0.04777109554555148 0.093912772814704 -0.8182531492044358 -0.3622359982412191 -0.744995846804428 -0.1471826490633128 -0.10108536946669511 
5.752889563764842e+29
1.3968295658300283e+31





0.5846674485196992 -0.06375257769699294 0.8498964011936632 -0.431568776168632 0.7486955449925705 -0.03650999162744739 0.3043452450526074 0.2701589465187124 -0.7742120038496554 0.6380703637207077 0.1153121386980629 
6.133837691760369e+29
1.8120805605756272e+31





-0.6333580094854538 -0.933638657102912 -0.6341321117332077 -0.12792132174916682 0.06292440701243818 0.40204021328548567 -0.8182531492044358 -0.3622359982412191 -0.8149090622674435 0.12293146557250045 -0.10108536946669511 
6.444743892230571e+29
1.4002345553564028e+31





-0.8750429145175855 0.09182368838413013 -0.7018934460105994 0.01622667049625215 0.5576690762712779 -0.9222947785920774 -0.8969189920562539 -0.7316901812142393 0.9584436669481833 0.008231357525557037 -0.10674141289625494 
6.72145717979871e+29
1.5364552405213067e+31





-0.06571997154457909 -0.019660351190313508 -0.4362486361048197 0.8857981685129734 0.16709505105806532 0.9883880237834262 -0.6430328064522024 -0.9791716029718507 0.5558638229403463 -0.851142162192654 0.09252861509678167 
7.352900896889976e+29
1.2198408645245782e+31





0.4953580074820516 0.3892701528962592 0.4608887502065784 -0.9978644118524465 -0.5662707503661761 0.870110537439849 -0.8969189920562539 -0.3392685872603878 0.09248424012045575 0.37299415462832464 -0.10674141289625494 
7.809210176135593e+29
1.5594001322099994e+31





-0.6377903961802647 -0.24994228049215494 -0.5540822725604686 0.16808482579006 -0.1949649612126101 -0.6197166801823248 -0.7014318950014788 0.6236395023568304 -0.11236984619825163 -0.41097647690942485 -0.14664216391008877 
1.1329294725192746e+30
2.9270970469497065e+31





0.5846674485196992 -0.06375257769699294 0.8498964011936632 -0.06398350964510624 -0.8102434459967234 -0.03650999162744739 -0.6430328064522024 0.2701589465187124 0.1744062597458076 -0.25985599968264195 -0.14664216391008877 
1.1824587620650075e+30
2.918771930652452e+31





-0.06571997154457909 -0.06375257769699294 -0.4362486361048197 -0.06398350964510624 -0.4087019281628237 -0.03650999162744739 -0.6430328064522024 -0.9791716029718507 -0.26365465577621894 -0.2634915214114335 -0.14664216391008877 
1.1851031138021963e+30
2.926267231477146e+31





0.04610662318962455 0.09182368838413013 0.8256132873600315 0.01622667049625215 -0.4616404070545854 -0.8327947576569674 0.22943415108899834 -0.7316901812142393 -0.05078493685701568 -0.21265242320227729 -0.15977743754619156 
1.433186533131574e+30
3.468727665174084e+31





0.4953580074820516 -0.3645045451267894 -0.6544723142138471 0.7553204904095119 -0.5771688458873658 0.6579778116987758 0.2840510905238389 -0.7639780237783731 -0.04753839014456651 0.12891649357181012 0.21400697792946355 
2.651740058852819e+30
6.219955984796308e+31





-0.6971195761394939 -0.933638657102912 0.9640805011422298 -0.12792132174916682 0.6094387678653066 0.36822660024314624 0.10886909969289071 -0.9597513127678605 0.5558638229403463 0.12293146557250045 -0.21071062333745139 
2.695172521716337e+30
6.023033586644647e+31





-0.01556329554603586 -0.6851171927449846 -0.5540822725604686 -0.9978644118524465 0.3292712977113095 0.870110537439849 0.2840510905238389 0.6236395023568304 0.5112410951344073 0.37299415462832464 -0.21071062333745139 
2.8327390742499924e+30
6.037035762550049e+31





-0.6971195761394939 -0.933638657102912 0.8256132873600315 0.48884375749575626 0.3292712977113095 0.40204021328548567 -0.024114444430808124 0.6236395023568304 0.3977452275722133 0.6823223778020986 -0.21071062333745139 
3.0090761430724043e+30
6.065774671866544e+31





-0.9406498470100249 0.9510072218870596 0.6676256961925515 0.6392340510914598 -0.21988046992631904 -0.9758620361860912 -0.2538669930977009 0.059712825011001724 -0.8128082511286354 0.46634905133564497 -0.2376797709697569 
3.6557730278863937e+30
7.72308677685359e+31





-0.8670025006932907 0.9510072218870596 -0.5866668811231561 -0.007443373651715657 0.9007369567079937 -0.9222947785920774 0.4406345743819986 -0.7316901812142393 -0.3406692084863234 -0.5181950687719596 -0.28164536018977016 
4.3608452619275595e+30
1.0789379372892812e+32





-0.8803742295953416 -0.1452706748169339 -0.7933756449941838 0.06485667660187211 -0.4616404070545854 -0.07404669860837165 -0.21357179233885515 -0.6080221666512284 0.05046435431464302 0.4970360418686286 -0.2814123985928918 
5.063656021723506e+30
1.0788519145741494e+32





-0.7697426865237713 -0.4963977357713809 -0.3914990317365199 0.40280015639349487 -0.9225646860135222 -0.7319150685773268 -0.14667899182769495 -0.5681284865230884 0.6622369072899827 -0.7886981724559823 0.30394908734436044 
6.126825725737512e+30
1.2638621987928097e+32





0.9469718328865993 0.4126314653614518 -0.7018934460105994 0.3946527527148569 0.5576690762712779 0.40204021328548567 0.5342090471953755 0.3302814401419809 0.9584436669481833 0.12293146557250045 -0.36918921112686154 
8.188624062665928e+30
1.8485347837331304e+32





-0.2998140434834562 0.921738137693203 0.8498964011936632 0.06485667660187211 -0.7348389834397377 -0.07404669860837165 -0.30637874562354295 0.2701589465187124 0.05046435431464302 -0.2634915214114335 -0.418848950298103 
1.0146473991773682e+31
2.382761461628645e+32





-0.4219884928682016 0.3442492325644453 0.007578240731924257 -0.30180241895081017 0.548036029502956 -0.62943772372717 -0.2538669930977009 0.8825327149938837 -0.8128082511286354 -0.606943081491915 0.48181236378341064 
1.4511834645957628e+31
3.155119161405221e+32





-0.4219884928682016 0.9510072218870596 -0.285036538022726 -0.5328684196713633 -0.21988046992631904 -0.12931730135135977 -0.2538669930977009 0.059712825011001724 -0.8128082511286354 -0.606943081491915 0.48181236378341064 
1.451240619675037e+31
3.1551232489528962e+32





-0.8750429145175855 -0.3984696514385673 -0.7018934460105994 0.3946527527148569 0.5576690762712779 0.679966468023447 -0.9394381191072598 0.3302814401419809 0.9584436669481833 0.008231357525557037 -0.5009396841646243 
1.488705679327545e+31
3.404266710202577e+32





-0.8750429145175855 -0.3984696514385673 -0.7018934460105994 0.3449774726680832 0.5576690762712779 -0.2885052191648112 -0.759553183075262 0.22569999586559186 -0.435258947067394 0.7147316870289815 -0.5009396841646243 
1.5841267350678858e+31
3.4191429838293474e+32





-0.45107374432450653 0.018629479731375964 0.12744722609816517 0.8857981685129734 0.4394219991402144 -0.07404669860837165 0.10886909969289071 -0.9365163846704938 0.05046435431464302 0.9723844016933663 -0.54079932245227 
1.872680607126861e+31
3.984844427732855e+32





-0.9406498470100249 0.3892701528962592 0.6676256961925515 0.6392340510914598 -0.8770649784117359 0.39190258103459197 0.3718817073431524 0.22569999586559186 -0.34822930333711666 0.46634905133564497 -0.5829173011021169 
2.0892324352275477e+31
4.6236515690035306e+32





-0.5596129954094378 0.3892701528962592 0.12510871046565408 -0.9902818977596677 -0.7114564182027929 -0.48842774621243557 -0.8969189920562539 -0.3392685872603878 0.7342334161732083 -0.5490709425100684 -0.6677835339972371 
2.554935157593203e+31
6.0514537936733235e+32





0.9939158226095428 0.8023638522938368 -0.24300307449756442 0.06485667660187211 -0.7348389834397377 -0.48842774621243557 -0.21357179233885515 -0.4259567341651769 0.05046435431464302 -0.5490709425100684 -0.6677835339972371 
2.5579449700114537e+31
6.056735476247294e+32





-0.45107374432450653 0.3892701528962592 0.7436029809667497 0.9644023751194803 0.913598207558117 0.7034236441570214 0.10886909969289071 -0.9365163846704938 0.5112410951344073 0.9723844016933663 0.7324888059408297 
3.0143367103601543e+31
7.292579474130949e+32





0.4953580074820516 -0.13661121944515542 0.4608887502065784 -0.18392038207213268 -0.2277561513437456 -0.6208509844924655 0.2840510905238389 0.10849786834064501 -0.744995846804428 0.37299415462832464 0.7324888059408297 
3.115805504197968e+31
7.282021838547181e+32





-0.8750429145175855 0.3892701528962592 -0.7018934460105994 0.2165953994064551 0.913598207558117 0.679966468023447 -0.759553183075262 0.3302814401419809 -0.19231587642483605 0.008231357525557037 0.7324888059408297 
3.1851622403652444e+31
7.288793104673268e+32





-0.2998140434834562 0.31574880281045936 -0.6544723142138471 -0.9978644118524465 0.3405254095857373 -0.48842774621243557 -0.9394381191072598 0.7358927845475942 -0.744995846804428 -0.581628520721976 0.730652659619524 
3.2758663182277273e+31
7.254242181130364e+32





-0.2998140434834562 0.8023638522938368 0.12744722609816517 0.06485667660187211 0.3405254095857373 -0.07404669860837165 -0.21357179233885515 -0.9873524803292717 0.05046435431464302 -0.581628520721976 0.730652659619524 
3.280022670820762e+31
7.260984829961253e+32





-0.5596129954094378 -0.385779401597351 0.8644319050266565 -0.007443373651715657 0.913598207558117 -0.4901651061310952 0.9012405870604467 -0.3392685872603878 0.2597909338383686 -0.5181950687719596 0.7324888059408297 
3.2853202029178365e+31
7.298370689802096e+32





0.728229507853652 0.7365609186439828 -0.19673523001459614 -0.8149681176592114 0.6068707711304617 0.39190258103459197 0.3718817073431524 0.20119585826304132 0.13702544259432936 0.7147316870289815 0.8201002407529783 
3.85089482850619e+31
9.136697973079253e+32





-0.9406498470100249 -0.385779401597351 0.8644319050266565 -0.007443373651715657 0.548036029502956 -0.5897619499919478 0.38477385433998124 0.589207337183022 0.6147697720659342 0.16238488329390166 0.9007797892953826 
4.7876300030440675e+31
1.1030323946558875e+33





-0.8670025006932907 -0.7023756036896647 -0.2686014530431571 0.7548442042356185 -0.02619330020773747 0.093912772814704 -0.8182531492044358 0.23988305913875263 -0.8149090622674435 -0.14059586869364682 0.9007797892953826 
4.8475858950370065e+31
1.1018328883066791e+33





-0.8079517267054146 -0.13661121944515542 0.2517259242221246 -0.5328684196713633 -0.02619330020773747 -0.6208509844924655 -0.9827622611835658 0.10849786834064501 0.2597909338383686 -0.7857513366627717 -0.9673573392193342 
5.368962618780658e+31
1.2707794285707e+33





0.8861940420192771 -0.8577275671101376 0.007578240731924257 -0.9860024672985102 -0.5665880543881803 -0.12931730135135977 0.5569119803337477 -0.9365163846704938 -0.5131174015049165 -0.7886981724559823 0.9350987899017864 
5.379328066126703e+31
1.1887510546638762e+33





-0.6333580094854538 -0.7023756036896647 0.8256132873600315 0.01622667049625215 -0.21988046992631904 -0.9758620361860912 -0.8182531492044358 -0.38670641828486185 -0.8149090622674435 -0.606943081491915 -0.9807123386624221 
5.571043028892531e+31
1.3073811548560705e+33





-0.8803742295953416 -0.933638657102912 -0.7933756449941838 0.5784807208155296 0.06292440701243818 -0.19862622827177057 0.9545204389104514 -0.6080221666512284 -0.8408963260375977 -0.6519796771783253 -0.9882074726865149 
5.646747353614013e+31
1.3274489390584018e+33





-0.6333580094854538 -0.7023756036896647 0.8256132873600315 0.48884375749575626 -0.02619330020773747 0.7380207721019931 -0.024114444430808124 -0.32333603585659443 -0.8149090622674435 0.6823223778020986 -0.9807123386624221 
5.889368578681444e+31
1.308807751163194e+33





-0.6971195761394939 -0.933638657102912 0.8256132873600315 0.27908609053121824 -0.02619330020773747 -0.685634213786944 0.22943415108899834 -0.9597513127678605 -0.8408963260375977 0.6823223778020986 -0.9807123386624221 
5.889452783392797e+31
1.3088366846140859e+33





