0.3479277078560803 0.8325326080068998 -0.3914990317365199 0.9252417622277216 -0.19811077312209324 -0.7319150685773268 -0.14667899182769495 -0.11103507295227155 -0.7149774972958909 -0.7886981724559823 -0.00598635596552799 
1.070463367076239e+28
4.085881975641638e+29





0.4953580074820516 -0.6851171927449846 0.4608887502065784 -0.9978644118524465 -0.2277561513437456 0.870110537439849 0.2840510905238389 -0.9873524803292717 -0.744995846804428 0.37299415462832464 0.06749661516451466 
2.0915314974877676e+29
6.185538788218023e+30





0.4953580074820516 0.030916103439364795 0.4608887502065784 0.7553204904095119 0.04777109554555148 0.6579778116987758 0.2840510905238389 -0.7639780237783731 -0.744995846804428 0.12891649357181012 0.06749661516451466 
2.4618066617458305e+29
6.132529018324558e+30





-0.561578372821302 0.17856639106846361 -0.7971509685215203 0.26196031465801406 -0.21988046992631904 -0.9758620361860912 -0.08574964659810091 0.8825327149938837 -0.8128082511286354 -0.7859785103194381 0.04813204522125303 
2.499280178981667e+29
3.5008025871247467e+30





-0.6971195761394939 -0.933638657102912 0.9640805011422298 -0.12792132174916682 0.06292440701243818 0.40204021328548567 0.5342090471953755 -0.9597513127678605 0.5558638229403463 0.12293146557250045 -0.06911783734068222 
3.0291969768888494e+29
6.464771801674063e+30





-0.5596129954094378 0.3892701528962592 0.2403656205730862 0.461423380691629 -0.7114564182027929 0.7034236441570214 -0.8969189920562539 -0.3392685872603878 0.09248424012045575 -0.9594283932061967 -0.10674141289625494 
4.498734823477217e+29
1.5892471623352163e+31





-0.9406498470100249 0.3892701528962592 0.6676256961925515 0.6392340510914598 0.548036029502956 0.7034236441570214 -0.28219251271359047 0.059712825011001724 -0.34822930333711666 0.46634905133564497 0.10332586702039182 
5.1827642981464435e+29
1.4538954098257994e+31





-0.6333580094854538 -0.7023756036896647 -0.6341321117332077 -0.5530496147578112 -0.02619330020773747 0.093912772814704 -0.8182531492044358 -0.3622359982412191 -0.8149090622674435 -0.1471826490633128 -0.10108536946669511 
5.7575227892859194e+29
1.3976501266110834e+31





-0.5333486008292874 0.36031199701604555 -0.052011055711456367 -0.431568776168632 0.7486955449925705 -0.24410729037225587 0.3043452450526074 -0.21702110596585955 -0.038429807793397774 0.6380703637207077 0.1153121386980629 
6.184933843706751e+29
1.8218571177677073e+31





0.04610662318962455 0.09182368838413013 0.8256132873600315 0.01622667049625215 -0.7114564182027929 -0.9222947785920774 -0.8969189920562539 -0.7316901812142393 0.8377248703847284 0.6823223778020986 -0.10674141289625494 
8.687454376159178e+29
1.5726419961281213e+31





-0.06571997154457909 0.7365609186439828 -0.4362486361048197 -0.06398350964510624 -0.4087019281628237 0.43603470336627037 -0.6430328064522024 -0.9791716029718507 0.1744062597458076 -0.25985599968264195 -0.14664216391008877 
1.1822158592020918e+30
2.9187806321120987e+31





0.8844699507826745 -0.8577275671101376 0.151597866729553 -0.06241912695047458 0.8894068080812996 0.16892704730150765 -0.14667899182769495 0.1613177464919895 -0.7149774972958909 -0.7886981724559823 0.1396943862396729 
1.4497466040365242e+30
2.688000083053138e+31





-0.6377903961802647 0.7365609186439828 -0.4362486361048197 0.16808482579006 -0.1949649612126101 0.9008109026461746 -0.7014318950014788 0.22569999586559186 -0.11236984619825163 0.6360761481121044 -0.14664216391008877 
1.5269370600283065e+30
2.9574065559819033e+31





-0.01556329554603586 -0.24994228049215494 -0.5540822725604686 0.40280015639349487 0.3292712977113095 -0.44795914172411466 0.735022522699377 0.6236395023568304 0.5112410951344073 -0.41097647690942485 -0.21071062333745139 
2.4190165196151067e+30
6.020841640571902e+31





-0.6971195761394939 -0.933638657102912 0.9640805011422298 0.567639224696517 0.3292712977113095 0.40204021328548567 0.10886909969289071 0.6236395023568304 0.5112410951344073 0.12293146557250045 -0.21071062333745139 
2.6962843112423094e+30
6.024144484565734e+31





0.8236800073259845 -0.385779401597351 -0.5866668811231561 -0.007443373651715657 0.9007369567079937 -0.9222947785920774 -0.8969189920562539 -0.7316901812142393 -0.6781117529867735 -0.5181950687719596 -0.28164536018977016 
4.3670175244200353e+30
1.0800403534002917e+32





-0.2998140434834562 0.8023638522938368 0.12744722609816517 0.06485667660187211 -0.7348389834397377 -0.07404669860837165 -0.21357179233885515 -0.4259567341651769 0.05046435431464302 -0.4779308364171726 -0.2814123985928918 
4.373475666900782e+30
1.0757730968315269e+32





0.9101775403759198 -0.385779401597351 0.8644319050266565 -0.007443373651715657 0.9007369567079937 -0.5897619499919478 -0.2541497949214524 0.589207337183022 -0.5277635640445166 -0.5181950687719596 0.29581953410408635 
5.582293967449428e+30
1.19047864867869e+32





-0.7697426865237713 -0.4963977357713809 -0.5540822725604686 0.40280015639349487 -0.9225646860135222 0.13941720955943948 0.336774116340568 0.11677812349233374 0.6622369072899827 -0.41097647690942485 0.30394908734436044 
5.822317086083488e+30
1.259990849564643e+32





0.9469718328865993 0.026022925616162818 -0.510681846038777 -0.9843083562929376 0.06292440701243818 0.40204021328548567 0.5342090471953755 -0.5382606587096372 -0.8840646958074165 0.12293146557250045 -0.36918921112686154 
8.234263682656753e+30
1.8564095436731284e+32





-0.6971195761394939 -0.933638657102912 -0.7933756449941838 0.27908609053121824 0.06292440701243818 -0.685634213786944 0.22943415108899834 -0.9597513127678605 -0.8408963260375977 0.14911322455799003 -0.37616633968104174 
8.569501695895451e+30
1.9271131160235432e+32





-0.8803742295953416 -0.1452706748169339 -0.7933756449941838 0.5784807208155296 -0.4616404070545854 -0.19862622827177057 0.22943415108899834 -0.6080221666512284 -0.8408963260375977 0.14911322455799003 -0.37616633968104174 
8.569688673071171e+30
1.9271139143979094e+32





0.728229507853652 -0.4714027054790224 -0.9253455099420995 -0.8149681176592114 -0.5064421500112175 -0.9157468235071289 0.5081172292763267 0.20119585826304132 -0.8408963260375977 0.6980262115302536 -0.37616633968104174 
9.105470427007312e+30
1.9320477468163605e+32





0.5846674485196992 -0.06375257769699294 0.8498964011936632 0.26280909829024823 0.08393830784899259 -0.03650999162744739 -0.6748455109745413 0.2701589465187124 -0.26365465577621894 -0.2634915214114335 -0.418848950298103 
1.0155219914824044e+31
2.384285408489342e+32





-0.38697338988373353 -0.8702623834334422 0.8256132873600315 0.13205201002155387 0.9489432706618071 0.35674891039708223 -0.024114444430808124 0.771387552778318 0.49006542281669474 0.6823223778020986 -0.40813681618927844 
1.0598757965494787e+31
2.266827808714325e+32





-0.6377903961802647 0.7365609186439828 -0.5750206466779317 0.3355848049630903 -0.8770649784117359 0.39190258103459197 0.3718817073431524 0.22569999586559186 -0.435258947067394 0.7147316870289815 -0.4242337715457296 
1.148494730475951e+31
2.453871115969362e+32





0.44567738105807475 -0.27017060685555294 -0.6544723142138471 0.1339687766835873 -0.657260953908485 -0.9810466577766777 -0.6624865670615752 0.14117906728350604 -0.9329276020074504 -0.9499393838217416 -0.5009396841646243 
1.3773209382309196e+31
3.4152524359543426e+32





-0.4219884928682016 0.9510072218870596 -0.7971509685215203 -0.79244183032336 -0.21988046992631904 -0.9758620361860912 -0.2538669930977009 0.8825327149938837 -0.8128082511286354 -0.606943081491915 0.48181236378341064 
1.4511834771791615e+31
3.155119161272403e+32





-0.8750429145175855 -0.3984696514385673 -0.7018934460105994 0.3946527527148569 0.5576690762712779 0.679966468023447 -0.759553183075262 0.3302814401419809 0.9584436669481833 0.008231357525557037 -0.5009396841646243 
1.4887053335342739e+31
3.404266262839054e+32





-0.45107374432450653 0.018629479731375964 0.7436029809667497 0.8857981685129734 0.16709505105806532 -0.23161797035958753 0.10886909969289071 -0.9365163846704938 0.5112410951344073 0.9723844016933663 -0.54079932245227 
1.870941657376989e+31
3.981958059921422e+32





-0.45107374432450653 -0.019660351190313508 0.7436029809667497 0.8857981685129734 0.16709505105806532 0.9883880237834262 0.5342090471953755 -0.9365163846704938 0.5558638229403463 -0.851142162192654 0.5498081889562543 
1.9182184981793392e+31
4.1203125131837436e+32





0.9101775403759198 0.38673696212190944 0.3043658634574107 0.16808482579006 -0.1949649612126101 0.6585114289927609 0.7336401638708028 -0.8803873312146817 0.7342334161732083 0.6360761481121044 0.589883470682204 
1.977258359333555e+31
4.731398572464311e+32





0.04610662318962455 -0.4427675612960358 -0.7239678752672143 0.9150581212777862 -0.7114564182027929 0.5534983317480286 -0.8969189920562539 0.3909415930446678 0.9234506391054076 0.25189888904506774 0.6553722431823354 
2.5145156418376414e+31
5.841793929596741e+32





0.9939158226095428 0.38673696212190944 0.12510871046565408 -0.9902818977596677 0.818236655987274 -0.48842774621243557 -0.9394381191072598 -0.8803873312146817 0.7342334161732083 -0.5490709425100684 -0.6677835339972371 
2.5548860211435854e+31
6.051453942794348e+32





-0.8180157930885397 -0.1452706748169339 -0.7933756449941838 0.06485667660187211 -0.4616404070545854 -0.19862622827177057 -0.21357179233885515 -0.37178481489039816 0.05046435431464302 -0.4779308364171726 0.6927754836213249 
2.935656497425978e+31
6.526703421984033e+32





-0.9406498470100249 -0.4238377317283295 0.007578240731924257 -0.5328684196713633 0.36447871149775146 -0.12931730135135977 0.41596985034804135 0.059712825011001724 -0.34822930333711666 0.7745487924378103 0.7324888059408297 
3.0453749795171055e+31
7.284865887133003e+32





-0.7152469628865976 -0.13661121944515542 -0.1768137394270557 -0.5328684196713633 0.36447871149775146 -0.26387245356623024 0.9012405870604467 -0.2742045794984256 0.1744062597458076 0.7745487924378103 0.7324888059408297 
3.0479291080248545e+31
7.289297984722053e+32





-0.9406498470100249 0.3442492325644453 0.007578240731924257 -0.30180241895081017 0.548036029502956 -0.62943772372717 -0.09275507737102284 0.059712825011001724 -0.2656115831685235 0.395071077522513 -0.730960096742048 
3.2488174040558373e+31
7.26637678230495e+32





-0.8079517267054146 -0.13661121944515542 0.2517259242221246 -0.5328684196713633 0.36447871149775146 -0.6208509844924655 -0.9827622611835658 0.10849786834064501 0.2597909338383686 -0.3993398802639343 0.7324888059408297 
3.263011576453832e+31
7.296786296258597e+32





-0.2998140434834562 0.8023638522938368 0.4608887502065784 -0.9978644118524465 0.3405254095857373 -0.48842774621243557 -0.9394381191072598 -0.9873524803292717 -0.744995846804428 -0.581628520721976 0.730652659619524 
3.276045731149617e+31
7.254252272064532e+32





-0.5684948292710039 0.5650466577768922 0.8498964011936632 -0.8803609473326786 0.3405254095857373 -0.48842774621243557 -0.9394381191072598 0.0645012035201078 0.8449431561871463 -0.581628520721976 0.730652659619524 
3.283883398174428e+31
7.26770079092887e+32





-0.5596129954094378 0.3892701528962592 -0.1768137394270557 0.2165953994064551 0.913598207558117 0.7034236441570214 0.9012405870604467 -0.3392685872603878 0.2597909338383686 -0.9594283932061967 0.7324888059408297 
3.368777029248251e+31
7.305649500763645e+32





0.728229507853652 -0.4714027054790224 -0.19673523001459614 -0.8149681176592114 0.6068707711304617 0.9452570884897455 0.5081172292763267 0.20119585826304132 0.13702544259432936 0.4275110420922057 0.8201002407529783 
3.9090096795466026e+31
9.137352257235427e+32





0.04610662318962455 0.09182368838413013 -0.7971509685215203 0.26196031465801406 0.6083955288244494 -0.9758620361860912 -0.8969189920562539 0.8825327149938837 0.9234506391054076 0.034827590199544955 0.8724620857175085 
4.5200155324221305e+31
1.0352036916401692e+33





-0.8670025006932907 -0.3645045451267894 -0.6544723142138471 0.7548442042356185 -0.657260953908485 -0.6082264380000737 0.4406345743819986 0.7358927845475942 -0.04753839014456651 0.6434088513886262 0.9007797892953826 
4.675996764687521e+31
1.1020964911192253e+33





-0.9406498470100249 -0.3645045451267894 0.12671935004622648 -0.30180241895081017 0.548036029502956 -0.12931730135135977 0.38477385433998124 0.059712825011001724 -0.08428850124906506 0.46634905133564497 0.9007797892953826 
4.715290580052929e+31
1.1021172893067299e+33





-0.8670025006932907 0.9510072218870596 -0.2686014530431571 0.7548442042356185 0.2924795956368116 -0.6082264380000737 0.4406345743819986 0.23988305913875263 -0.3406692084863234 -0.14059586869364682 0.9007797892953826 
4.850473392523483e+31
1.102327954769212e+33





0.8861940420192771 -0.21378176900460444 0.007578240731924257 -0.9860024672985102 0.548036029502956 -0.12931730135135977 0.5569119803337477 -0.9365163846704938 -0.34822930333711666 0.46634905133564497 0.9350987899017864 
5.084057738072888e+31
1.1874229085178905e+33





-0.8619397049238766 -0.27017060685555294 0.8256132873600315 0.48884375749575626 0.26252440914535025 0.7380207721019931 -0.024114444430808124 0.14117906728350604 0.6547254306071586 0.6823223778020986 -0.9807123386624221 
5.8795935444166565e+31
1.3071388481193214e+33





-0.6333580094854538 -0.7023756036896647 0.8256132873600315 0.01622667049625215 -0.02619330020773747 -0.8917331123321228 -0.8182531492044358 -0.32333603585659443 -0.8149090622674435 0.6823223778020986 -0.9807123386624221 
5.889371486467662e+31
1.308808137898955e+33





