0.3479277078560803 0.8325326080068998 -0.3914990317365199 0.9252417622277216 -0.19811077312209324 -0.7319150685773268 -0.14667899182769495 -0.11103507295227155 -0.7149774972958909 -0.7886981724559823 -0.00598635596552799 
1.070463367076239e+28
4.085881975641638e+29





0.4953580074820516 -0.6851171927449846 0.4608887502065784 -0.9978644118524465 -0.2277561513437456 0.870110537439849 0.2840510905238389 -0.9873524803292717 -0.744995846804428 0.37299415462832464 0.06749661516451466 
2.0915314974877676e+29
6.185538788218023e+30





0.4953580074820516 0.030916103439364795 0.4608887502065784 0.7553204904095119 0.04777109554555148 0.6579778116987758 0.2840510905238389 -0.7639780237783731 -0.744995846804428 0.12891649357181012 0.06749661516451466 
2.4618066617458305e+29
6.132529018324558e+30





0.04610662318962455 0.09182368838413013 0.21168685229824113 0.26196031465801406 0.6083955288244494 -0.9758620361860912 0.2840510905238389 -0.7639780237783731 -0.744995846804428 0.12891649357181012 0.06749661516451466 
2.4618074743649084e+29
6.132528995113762e+30





-0.561578372821302 0.17856639106846361 -0.7971509685215203 0.26196031465801406 -0.21988046992631904 -0.9758620361860912 -0.08574964659810091 0.8825327149938837 -0.8128082511286354 -0.7859785103194381 0.04813204522125303 
2.499280178981667e+29
3.5008025871247467e+30





0.8861940420192771 -0.8577275671101376 0.007578240731924257 0.06485667660187211 -0.4616404070545854 -0.12931730135135977 0.5569119803337477 -0.6080221666512284 -0.5131174015049165 -0.7886981724559823 0.9350987899017864 
5.379284228254482e+31
1.1887508012059693e+33





-0.9406498470100249 -0.3984696514385673 -0.7018934460105994 0.3449774726680832 0.5576690762712779 -0.9758620361860912 -0.2538669930977009 0.059712825011001724 -0.8128082511286354 0.7147316870289815 -0.5009396841646243 
1.5854249863463413e+31
3.421332875751503e+32





-0.6333580094854538 -0.7023756036896647 0.8256132873600315 -0.5609407675128355 0.04777109554555148 0.6579778116987758 -0.024114444430808124 -0.32333603585659443 -0.8149090622674435 0.12891649357181012 0.06749661516451466 
2.4583792187266664e+29
6.127101896346121e+30





-0.6971195761394939 -0.933638657102912 0.7436029809667497 0.9644023751194803 0.913598207558117 0.7034236441570214 0.10886909969289071 -0.9597513127678605 0.5558638229403463 0.12293146557250045 0.7324888059408297 
3.1679052853275585e+31
7.294321666469176e+32





-0.4219884928682016 0.3442492325644453 0.007578240731924257 -0.30180241895081017 0.548036029502956 -0.62943772372717 -0.2538669930977009 0.8825327149938837 -0.8128082511286354 -0.606943081491915 0.48181236378341064 
1.4511834645957628e+31
3.155119161405221e+32





-0.42688735215796947 -0.933638657102912 0.8256132873600315 0.01622667049625215 0.2386224659386782 -0.8327947576569674 0.22943415108899834 -0.7316901812142393 -0.8408963260375977 -0.21265242320227729 -0.9807123386624221 
5.6673259520843e+31
1.307642165131887e+33





-0.2998140434834562 0.8325326080068998 -0.3914990317365199 0.06485667660187211 0.3405254095857373 -0.7319150685773268 -0.14667899182769495 -0.9873524803292717 0.05046435431464302 0.39400503167272416 0.730652659619524 
3.100198464014965e+31
7.252193710461127e+32





0.8861940420192771 0.09182368838413013 -0.7018934460105994 -0.9860024672985102 0.5576690762712779 -0.9222947785920774 -0.8969189920562539 -0.7316901812142393 0.9584436669481833 0.008231357525557037 -0.10674141289625494 
6.721457179336853e+29
1.5364552405210405e+31





-0.2998140434834562 0.9510072218870596 0.6676256961925515 -0.9978644118524465 0.027968521845237015 -0.9758620361860912 -0.3902966892843376 0.059712825011001724 -0.744995846804428 0.46634905133564497 0.730652659619524 
3.083155389088351e+31
7.245252626674886e+32





-0.272597565269209 0.3442492325644453 0.007578240731924257 -0.18392038207213268 0.548036029502956 0.790445352904888 0.2840510905238389 0.10849786834064501 -0.744995846804428 0.37299415462832464 0.48181236378341064 
1.332105180955909e+31
3.149061144048722e+32





-0.8670025006932907 0.09385460742543361 -0.6544723142138471 0.7548442042356185 0.3405254095857373 0.093912772814704 -0.9394381191072598 0.23988305913875263 -0.744995846804428 -0.581628520721976 0.730652659619524 
3.275917924992672e+31
7.254245083728143e+32





0.9939158226095428 0.31574880281045936 -0.6544723142138471 -0.9978644118524465 0.3405254095857373 -0.48842774621243557 -0.21357179233885515 0.7358927845475942 -0.3404238870106475 -0.5490709425100684 -0.6677835339972371 
2.559777706010461e+31
6.059757157806887e+32





-0.9406498470100249 0.3892701528962592 0.6676256961925515 -0.6518188605742978 0.913598207558117 0.7034236441570214 0.10886909969289071 0.22569999586559186 -0.34822930333711666 0.46634905133564497 -0.5829173011021169 
2.0892330457776034e+31
4.623652329416329e+32





0.4953580074820516 -0.13661121944515542 -0.285036538022726 -0.5328684196713633 -0.21988046992631904 -0.6208509844924655 0.2840510905238389 0.059712825011001724 -0.744995846804428 0.37299415462832464 0.7324888059408297 
3.1158104170260923e+31
7.28202189317825e+32





-0.6971195761394939 -0.933638657102912 0.9640805011422298 -0.12792132174916682 -0.5771688458873658 0.6579778116987758 0.10886909969289071 -0.7639780237783731 0.5558638229403463 0.12891649357181012 0.21400697792946355 
2.6603265984208785e+30
6.234910027069089e+31





0.1865386118660579 -0.3984696514385673 -0.023492599525378077 0.3946527527148569 0.5576690762712779 0.679966468023447 -0.21357179233885515 -0.4259567341651769 0.9584436669481833 -0.5490709425100684 0.09323363762738324 
6.620958431580551e+29
1.2145413984094055e+31





-0.7697426865237713 -0.5645059759638211 -0.6341321117332077 0.44820042216082445 -0.0640982108170498 0.7034236441570214 -0.8182531492044358 0.11677812349233374 -0.744995846804428 -0.1471826490633128 -0.10674141289625494 
6.43382929091904e+29
1.556949558055078e+31





0.0006214588364559237 0.8325326080068998 -0.3914990317365199 0.06485667660187211 -0.19811077312209324 -0.7319150685773268 -0.14667899182769495 0.3445315443887209 -0.7149774972958909 0.4970360418686286 -0.2814123985928918 
5.079084151339132e+30
1.0813521097110273e+32





0.4953580074820516 -0.6851171927449846 0.20314164670794876 -0.9978644118524465 -0.6095918578307289 0.870110537439849 0.3043452450526074 -0.9873524803292717 -0.7742120038496554 0.37299415462832464 0.90515095341361 
4.778617026375494e+31
1.1121646076903604e+33





0.8861940420192771 -0.8577275671101376 0.6676256961925515 -0.9860024672985102 -0.5665880543881803 0.39190258103459197 0.3718817073431524 -0.9365163846704938 -0.34822930333711666 -0.7886981724559823 -0.906313963927063 
4.704458350401657e+31
1.1160739875588839e+33





0.5846674485196992 0.7365609186439828 0.8498964011936632 -0.06398350964510624 -0.8102434459967234 -0.03650999162744739 0.3718817073431524 0.20119585826304132 0.005988887902592888 0.7147316870289815 0.8201002407529783 
3.850184688443491e+31
9.135454054513685e+32





-0.9406498470100249 0.9510072218870596 0.6676256961925515 0.3449774726680832 0.5576690762712779 -0.9066119221744502 -0.8738017635332176 0.22569999586559186 -0.8128082511286354 0.7147316870289815 -0.5009396841646243 
1.5854382840622391e+31
3.421335347840539e+32





0.9469718328865993 0.4126314653614518 -0.7018934460105994 0.3946527527148569 0.548036029502956 0.40204021328548567 0.5342090471953755 0.3302814401419809 -0.8128082511286354 -0.606943081491915 0.48181236378341064 
1.4512232926539504e+31
3.155123789727349e+32





-0.8803742295953416 0.3892701528962592 -0.7933756449941838 0.06485667660187211 -0.8770649784117359 -0.07404669860837165 -0.21357179233885515 -0.6080221666512284 0.05046435431464302 0.46634905133564497 -0.2814123985928918 
5.0409554794048226e+30
1.078587262304747e+32





-0.5596129954094378 -0.13661121944515542 0.8644319050266565 -0.18392038207213268 -0.2277561513437456 -0.4901651061310952 0.9012405870604467 -0.3392685872603878 -0.744995846804428 -0.5181950687719596 0.7324888059408297 
3.280295426421511e+31
7.289848147057328e+32





-0.45107374432450653 0.018629479731375964 0.5910585322889583 0.16858958435715987 0.4394219991402144 -0.9222947785920774 0.10886909969289071 0.7084290379940428 0.9584436669481833 0.9723844016933663 -0.10674141289625494 
9.616164673618932e+29
1.6023429392777073e+31





-0.2998140434834562 -0.040490429967928065 -0.6544723142138471 -0.9978644118524465 0.3405254095857373 -0.6208509844924655 -0.9394381191072598 0.10849786834064501 0.2597909338383686 -0.7857513366627717 0.730652659619524 
3.3193912655635548e+31
7.265979811930764e+32





-0.8670025006932907 0.17856639106846361 -0.2686014530431571 0.7548442042356185 -0.02619330020773747 -0.9758620361860912 -0.8182531492044358 0.8825327149938837 -0.8149090622674435 -0.14059586869364682 -0.7973472770113796 
3.7535023913354417e+31
8.645159790208257e+32





0.4953580074820516 0.8574754215697602 0.4608887502065784 -0.9978644118524465 -0.0640982108170498 0.7034236441570214 0.336774116340568 -0.9873524803292717 0.6622369072899827 0.37299415462832464 0.06749661516451466 
2.148119471553551e+29
6.295274280918703e+30





0.8861940420192771 -0.1452706748169339 0.007578240731924257 0.06485667660187211 -0.4616404070545854 -0.07404669860837165 -0.21357179233885515 -0.6080221666512284 0.05046435431464302 0.4970360418686286 -0.2814123985928918 
5.0636560217205037e+30
1.0788519145739363e+32





0.04610662318962455 -0.5645059759638211 0.8256132873600315 0.01622667049625215 0.04900926643378911 -0.8327947576569674 -0.8182531492044358 -0.7316901812142393 -0.05078493685701568 0.9404703967441652 -0.15977743754619156 
1.9246377962001242e+30
3.5372533244351897e+31





0.5846674485196992 0.09182368838413013 0.8498964011936632 -0.431568776168632 0.7486955449925705 -0.8327947576569674 0.22943415108899834 -0.7316901812142393 -0.7742120038496554 0.6380703637207077 -0.15977743754619156 
1.79552948708713e+30
3.517800210814582e+31





-0.8750429145175855 0.3892701528962592 -0.7018934460105994 -0.9902818977596677 -0.7114564182027929 0.679966468023447 -0.8969189920562539 -0.3392685872603878 0.9584436669481833 0.008231357525557037 -0.6677835339972371 
2.6464100007089355e+31
6.0520074954147504e+32





-0.8670025006932907 -0.7023756036896647 0.4608887502065784 -0.9341333428386625 0.04777109554555148 0.6579778116987758 -0.8182531492044358 -0.7639780237783731 -0.8149090622674435 -0.14059586869364682 0.06749661516451466 
2.9141168097908854e+29
6.148612244227086e+30





-0.6333580094854538 0.018629479731375964 0.8256132873600315 0.8857981685129734 -0.21988046992631904 -0.9758620361860912 -0.8182531492044358 -0.8379490756908579 -0.8149090622674435 -0.606943081491915 -0.9807123386624221 
5.570982311678839e+31
1.3073811112737492e+33





0.6261500529141162 -0.933638657102912 0.8256132873600315 0.48884375749575626 0.3292712977113095 0.870110537439849 -0.024114444430808124 0.6236395023568304 0.09248424012045575 0.37299415462832464 -0.21071062333745139 
2.838892986878835e+30
6.047255416908539e+31





-0.6333580094854538 -0.3984696514385673 -0.6341321117332077 -0.12792132174916682 0.06292440701243818 -0.2885052191648112 -0.8182531492044358 -0.3622359982412191 -0.435258947067394 0.12293146557250045 -0.5009396841646243 
1.5078569685102314e+31
3.413056670535734e+32





-0.9406498470100249 0.3442492325644453 0.007578240731924257 -0.30180241895081017 -0.8770649784117359 -0.62943772372717 0.3718817073431524 0.22569999586559186 -0.3916357416985603 -0.606943081491915 -0.5829173011021169 
1.9325785825104609e+31
4.618033972681071e+32





-0.8670025006932907 0.3442492325644453 0.007578240731924257 -0.30180241895081017 0.9007369567079937 -0.9222947785920774 -0.2538669930977009 -0.4490303908146591 -0.8128082511286354 -0.5181950687719596 0.6855858113927815 
2.8789512916315504e+31
6.3856845008320595e+32





-0.5596129954094378 0.19590370210388586 0.9640805011422298 -0.12792132174916682 0.913598207558117 0.40204021328548567 0.5342090471953755 -0.3392685872603878 0.5558638229403463 0.12293146557250045 0.7324888059408297 
3.1678433513086304e+31
7.294321747509552e+32





-0.6971195761394939 -0.933638657102912 0.8644319050266565 -0.007443373651715657 0.548036029502956 0.40204021328548567 0.38477385433998124 0.589207337183022 0.5558638229403463 0.12293146557250045 0.9007797892953826 
4.796172993634413e+31
1.1030029464991735e+33





-0.2998140434834562 -0.17744629737490336 0.8498964011936632 -0.007443373651715657 0.548036029502956 -0.07404669860837165 -0.30637874562354295 0.2701589465187124 0.05046435431464302 -0.2634915214114335 0.9007797892953826 
4.8808418166349465e+31
1.1028842636738993e+33





-0.6971195761394939 0.7365609186439828 -0.19673523001459614 -0.12792132174916682 0.06292440701243818 0.39190258103459197 0.5342090471953755 0.6788789498072445 0.5558638229403463 0.7147316870289815 0.07514202896166933 
2.198478819714113e+29
7.958254739750283e+30





-0.8670025006932907 -0.7023756036896647 0.8498964011936632 -0.9939610396653729 -0.02619330020773747 -0.03650999162744739 -0.8182531492044358 0.2701589465187124 0.1744062597458076 -0.14059586869364682 0.9007797892953826 
4.853597475806073e+31
1.1028645880195606e+33





-0.6971195761394939 -0.933638657102912 0.9640805011422298 -0.12792132174916682 0.7486955449925705 -0.03650999162744739 0.5342090471953755 0.2701589465187124 0.5558638229403463 0.12293146557250045 0.1153121386980629 
7.59045547760562e+29
1.8135468813657084e+31





