6.96511542838981e-13 0.15714840393096766 -0.07360686631040897 0.039742638560525075 1.2262344347323414e-12 6.34539997769327e-05 -6.342040977817706e-14 -6.616417586608216e-08 7.357667510280194e-13 1.858736737569287e-11 7.737661255023672e-16 8.38262211374612e+31 210056.4010799076 204974.71288176958 
8.010819065372763e-13 0.1482284684389788 -0.07011307801124557 0.04207760359253832 2.0822798789348257e-12 6.597028019572477e-05 -1.0553949479042843e-13 -6.887367916308071e-08 7.357667510280194e-13 1.9040037098476736e-11 5.526638665258484e-16 8.661011001867427e+31 210598.66210535183 209069.43758385337 
6.441632674124782e-13 0.15714840393096752 -0.07360686631040897 0.041328242937956124 2.2758595552194536e-12 6.533567123658626e-05 -1.1039092529137243e-13 -6.616417586608216e-08 7.031053063734401e-13 1.8021262595729798e-11 5.644671842328153e-16 8.661808925967887e+31 208711.9843506862 218711.52221737747 
6.472632108643268e-13 0.13786143697091052 -0.07360686631040897 0.041328242937956124 2.137728036291546e-12 6.533567123625526e-05 -1.1957142829726968e-13 -6.61641761998931e-08 7.357667510280194e-13 1.8021262595729798e-11 5.526638665258484e-16 8.663173557213822e+31 208751.4658550377 218539.1986073947 
6.965862222865093e-13 0.15714840393096752 -0.07360686631040897 0.041328242937956124 1.1079172119910396e-12 6.533567123625526e-05 -1.1957142829726968e-13 -6.61641761998931e-08 7.357667510280194e-13 1.8021262595729798e-11 5.526638665258484e-16 8.663280514274123e+31 208716.6868720013 218724.03833350324 
6.965862222865093e-13 0.15714840393096752 -0.07360686631040897 0.041328242937956124 1.8098475527108328e-12 6.533567123658626e-05 -6.115050612328458e-14 -6.61641761998931e-08 7.357667510280194e-13 1.8021262595729798e-11 5.526638665258484e-16 8.663285756970911e+31 208716.7079782395 218724.06010606294 
6.96511542838981e-13 0.1444713503128527 -0.07360686631040897 0.041328242937956124 1.3067538505221695e-12 6.533567123625526e-05 -8.503614763039238e-14 -6.616417586608216e-08 7.357667510280194e-13 1.8021174228632164e-11 5.526638665258484e-16 8.663379519910498e+31 208743.22660133557 218587.52824061146 
6.96511542838981e-13 0.1444713503128527 -0.07360686631040897 0.041328242937956124 2.015080857078449e-12 6.533567123625526e-05 -8.289016928083917e-14 -6.616417586608216e-08 7.357667510280194e-13 1.8021174228632164e-11 5.526638665258484e-16 8.663379739188058e+31 208743.2274621458 218587.5292662195 
8.37233162882531e-13 0.1444713503128527 -0.07360686631040897 0.041328242937956124 2.015080857078449e-12 6.533567123625526e-05 -8.289016928083917e-14 -6.61641761998931e-08 7.357667510280194e-13 1.8021174228632164e-11 5.526638665258484e-16 8.663379959737004e+31 208743.23387587743 218587.50124992625 
8.987140063909422e-13 0.1475269986018843 -0.07360686631040897 0.041328242937956124 2.0663886915066837e-12 6.533567123625526e-05 -8.038206399269519e-14 -6.61641761998931e-08 7.357667510280194e-13 1.8021174228632164e-11 5.526638665258484e-16 8.663393379362699e+31 208737.70960576733 218616.7661495832 
6.965862222865093e-13 0.15714840393096752 -0.07360686631040897 0.041328242937956124 2.137728036291546e-12 6.533567123658626e-05 -1.1957142829726968e-13 -6.61641761998931e-08 7.524746919539375e-13 1.8021262595729798e-11 5.526638665258484e-16 8.666415684693065e+31 208731.01807533897 218728.08935969308 
6.570516009392479e-13 0.1444713503128527 -0.07011307801124557 0.04110169253716469 2.015080857078449e-12 6.533567123625526e-05 -8.289016928083917e-14 -6.616417586608216e-08 7.620113246853295e-13 1.8021262595729798e-11 5.526638665258484e-16 8.703351538271138e+31 209652.42832121864 214875.5693200867 
6.965862222865093e-13 0.1419999456333649 -0.07011307801124557 0.041328242937956124 2.2346856602248288e-12 6.533567123625526e-05 -1.1213359223999829e-13 -6.61641761998931e-08 7.357667510280194e-13 1.8021174228632164e-11 5.526638665258484e-16 8.703835028362239e+31 208746.36389536256 219591.7673741653 
8.987140063909422e-13 0.1444713503128527 -0.07011307801124557 0.041328242937956124 2.0663886915066837e-12 6.533567123625526e-05 -8.289016928083917e-14 -6.616417586608216e-08 7.357667510280194e-13 1.8021174228632164e-11 5.526638665258484e-16 8.70384730804375e+31 208741.85559380677 219615.7914023003 
6.751614397519499e-13 0.1444713503128527 -0.07011307801124557 0.041328242937956124 2.108656445237729e-12 6.533567123625526e-05 -8.289016928083917e-14 -6.616417586608216e-08 7.357667510280194e-13 1.8021174228632164e-11 5.526638665258484e-16 8.7038473099534e+31 208741.85560002952 219615.79141775012 
8.987140063909422e-13 0.1444713503128527 -0.06954720864890909 0.041328242937956124 2.0663886915066837e-12 6.533567123625526e-05 -8.038206399269519e-14 -6.61641761998931e-08 7.357667510280194e-13 1.8021174228632164e-11 5.526638665258484e-16 8.711341567368554e+31 208745.24052364676 219787.0660603953 
6.96511542838981e-13 0.15714840393096766 -0.13849808247213752 0.039742638560525075 1.2262344347323414e-12 6.34539997769327e-05 -6.342040977817706e-14 -6.616417586608216e-08 1.1089628620551147e-12 1.858736737569287e-11 7.737661255023672e-16 8.721746660658584e+31 212153.92867048987 202930.85042529218 
6.965862222865093e-13 0.1610656401749873 -0.07360686631040897 0.041328242937956124 2.137728036291546e-12 6.533567123625526e-05 -8.289016928083917e-14 -6.61641761998931e-08 1.1027529925275664e-12 1.8021262595729798e-11 5.526638665258484e-16 8.736549666398409e+31 209040.1867606502 218872.4133210412 
6.965862222865093e-13 0.15714840393096752 -0.07360686631040897 0.041328242937956124 1.1079172119910396e-12 6.517888385038737e-05 -1.2013474160266662e-13 -6.61641761998931e-08 7.357667510280194e-13 1.8021174228632164e-11 5.526638665258484e-16 8.738964200277296e+31 210304.39688352024 212431.14837168338 
6.965862222865093e-13 0.1419999456333649 -0.07011307801124557 0.041328242937956124 2.2346856602248288e-12 6.533567123625526e-05 -1.0724370766383286e-13 -6.61641761998931e-08 1.0395392752810508e-12 1.8021174228632164e-11 5.483100418841191e-16 8.768865183568676e+31 209033.8556598239 219715.26786967227 
8.204590565392919e-13 0.1610656401749873 -0.07360686631040897 0.041328242937956124 2.189356644936491e-12 6.52200234490945e-05 -8.289016928083917e-14 -6.61641761998931e-08 1.1027529925275664e-12 1.8021262595729798e-11 5.526638665258484e-16 8.771562406186e+31 210126.14414952527 214129.49930052823 
6.965862222865093e-13 0.15714840393096752 -0.07360686631040897 0.041328242937956124 2.137728036291546e-12 6.514618744337704e-05 -1.1957142829726968e-13 -6.616417586608216e-08 7.357667510280194e-13 1.8021262595729798e-11 5.526638665258484e-16 8.773558061631863e+31 210707.18307722048 211241.4057795563 
6.441632674124782e-13 0.1708063417000911 -0.07999886395975267 0.04072607242707608 2.2758595552194536e-12 6.533567123658626e-05 -1.0553949479042843e-13 -6.616417586608216e-08 1.0259299990564622e-12 1.8021766744839304e-11 5.526638665258484e-16 8.799817327636106e+31 211946.28739582928 205752.2480902893 
8.990514257260301e-13 0.15714840393096752 -0.07011307801124557 0.041328242937956124 1.1433180716001537e-12 6.514618744337704e-05 -8.289016928083917e-14 -6.616417586608216e-08 7.326789383674179e-13 1.8021174228632164e-11 5.526638665258484e-16 8.809976005493732e+31 210696.73787888227 212170.82603225848 
6.965862222865093e-13 0.15714840393096752 -0.07360686631040897 0.04093536922421244 2.137728036291546e-12 6.533567123658626e-05 -1.1957142829726968e-13 -6.616417586608216e-08 7.357667510280194e-13 1.8021262595729798e-11 8.593102861882808e-16 8.821865489230637e+31 211048.60175709618 210691.99509392795 
6.96511542838981e-13 0.1444713503128527 -0.07360686631040897 0.04155493771430754 1.1926702481707468e-12 6.533567123625526e-05 -6.342040977817706e-14 -6.616417586608216e-08 1.1089628620551147e-12 1.8021174228632164e-11 7.737661255023672e-16 8.936376252029268e+31 209037.96200698247 223890.48267324571 
6.965862222865093e-13 0.14669551811330908 -0.1196781017161942 0.041328242937956124 1.8098475527108328e-12 6.533567123625526e-05 -1.2152588474039574e-13 -6.61641761998931e-08 1.0395392752810508e-12 1.8021609065778686e-11 1.1660648742424062e-15 8.941406139837494e+31 212250.33014291502 207569.6962686013 
6.570516009392479e-13 0.1610656401749874 -0.1196781017161942 0.041328242937956124 1.8098475527108328e-12 6.533567123625526e-05 -1.1039092529137243e-13 -6.61641761998931e-08 1.1049058674158835e-12 1.8021262595729798e-11 1.1660648742424062e-15 8.94208165905085e+31 212251.1222678485 207581.5045332639 
6.96511542838981e-13 0.15373916884775432 -0.1196781017161942 0.041328242937956124 2.2346856602248288e-12 6.533567123625526e-05 -1.2626210301283045e-13 -6.61641761998931e-08 8.039821965328502e-13 1.8021262595729798e-11 1.1660648742424062e-15 8.948333436446165e+31 212241.4494191949 207773.9730585672 
6.570516009392479e-13 0.1454429223634872 -0.1196781017161942 0.041328242937956124 1.8098475527108328e-12 6.533567123625526e-05 -8.289016928083917e-14 -6.61641761998931e-08 7.620113246853295e-13 1.8021262595729798e-11 1.1660648742424062e-15 8.949491575377119e+31 212252.9248604908 207744.69659453558 
7.102409353320434e-13 0.15714840393096752 -0.1196781017161942 0.041328242937956124 1.8098475527108328e-12 6.533567123625526e-05 -1.2783974590692958e-13 -6.61641761998931e-08 7.357667510280194e-13 1.8021609065778686e-11 1.1660648742424062e-15 8.949629941392581e+31 212218.64172190442 207915.76725295454 
6.965862222865093e-13 0.1610656401749874 -0.1196781017161942 0.041328242937956124 1.1079172119910396e-12 6.533567123625526e-05 -1.1039092529137243e-13 -6.61641761998931e-08 7.620113246853295e-13 1.8021262595729798e-11 1.1660648742424062e-15 8.949939866521524e+31 212229.31130498665 207870.70718484913 
6.96511542838981e-13 0.1454429223634872 -0.1196781017161942 0.041328242937956124 1.8098475527108328e-12 6.533567123625526e-05 -8.03466756502555e-14 -6.61641761998931e-08 7.357667510280194e-13 1.8021262595729798e-11 1.1660648742424062e-15 8.950419835559838e+31 212252.4563427478 207768.5373989722 
6.570516009392479e-13 0.1610656401749874 -0.1196781017161942 0.041328242937956124 2.0663886915066837e-12 6.533567123625526e-05 -1.1929274051918205e-13 -6.616417586608216e-08 7.357667510280194e-13 1.8021262595729798e-11 1.1660648742424062e-15 8.950858027935168e+31 212228.8110504407 207894.48251283547 
6.96511542838981e-13 0.15373916884775432 -0.0739819247206589 0.041328242937956124 1.1079172119910396e-12 6.533567123625526e-05 -1.2626210301283045e-13 -6.61641761998931e-08 7.357667510280194e-13 1.8021174228632164e-11 1.1660648742424062e-15 8.957039825662963e+31 210137.08452666807 218600.42035591262 
7.743009427718105e-13 0.14669551811330908 -0.07360686631040897 0.041328242937956124 2.0663886915066837e-12 6.533567123625526e-05 -8.289016928083917e-14 -6.61641761998931e-08 7.357667510280194e-13 1.8021262595729798e-11 1.1660648742424062e-15 8.96381880325278e+31 210155.40031253593 218670.54975223527 
8.987140063909422e-13 0.1582558407047062 -0.07360686631040897 0.041328242937956124 1.8098475527108328e-12 6.533567123625526e-05 -8.289016928083917e-14 -6.61641761998931e-08 7.616814785868349e-13 1.8021262595729798e-11 1.1660648742424062e-15 8.971564008961214e+31 210166.4606704114 218801.90932741607 
6.96511542838981e-13 0.1610656401749874 -0.07360686631040897 0.041328242937956124 1.3067538505221695e-12 6.533567123625526e-05 -8.503614763039238e-14 -6.61641761998931e-08 7.620113246853295e-13 1.8021262595729798e-11 1.1660648742424062e-15 8.971787088179732e+31 210162.14695608383 218829.80660356692 
6.472632108643268e-13 0.13786143697091052 -0.07360686631040897 0.04060239182655397 2.015080857078449e-12 6.533567123625526e-05 -1.1039092529137243e-13 -6.61641761998931e-08 1.0651864605629395e-12 1.8021262595729798e-11 5.526638665258484e-16 8.979768165587684e+31 212969.13861993988 204965.9655473717 
8.987140063909422e-13 0.1454429223634872 -0.07011307801124557 0.040574415890163494 2.0663886915066837e-12 6.533567123625526e-05 -8.289016928083917e-14 -6.61641761998931e-08 7.357667510280194e-13 1.8021262595729798e-11 5.526638665258484e-16 8.983416168885324e+31 212895.6096531726 205403.57211308318 
8.987140063909422e-13 0.1454429223634872 -0.07360686631040897 0.041328242937956124 2.0663886915066837e-12 6.533567123625526e-05 -6.115050612328458e-14 -6.61641761998931e-08 7.743924883355876e-13 1.8021262595729798e-11 1.1894850458262916e-15 8.98865420466447e+31 210266.27822628268 218698.86803924627 
6.965862222865093e-13 0.1610656401749873 -0.07011307801124557 0.041328242937956124 2.189356644936491e-12 6.533567123625526e-05 -6.115050612328458e-14 -6.61641761998931e-08 7.357667510280194e-13 1.8021262595729798e-11 1.1067013067556283e-15 8.999415954670375e+31 210076.2576136974 219952.7847953321 
7.739440689327924e-13 0.1604825892629574 -0.07360686631040897 0.041328242937956124 1.8098475527108328e-12 6.514618744337704e-05 -1.1441040913250176e-13 -6.616417586608216e-08 7.620113246853295e-13 1.8021766744839304e-11 1.1031597767533035e-15 9.013915986292202e+31 211840.58887461777 211284.49651611847 
6.570516009392479e-13 0.1610656401749874 -0.1196781017161942 0.041328242937956124 1.8098475527108328e-12 6.533567123625526e-05 -1.1039092529137243e-13 -6.61641761998931e-08 1.0395392752810508e-12 1.8021262595729798e-11 5.526638665258484e-16 9.019883647231964e+31 212226.70205106997 209508.0954496011 
8.24906552196506e-13 0.1454429223634872 -0.07434442447615175 0.041328242937956124 1.8098475527108328e-12 6.514618744337704e-05 -1.1441040913250176e-13 -6.616417586608216e-08 7.357667510280194e-13 1.8021262595729798e-11 1.1660648742424062e-15 9.034887032184893e+31 212021.88308750634 210872.18091276908 
8.987140063909422e-13 0.1454429223634872 -0.1196781017161942 0.041328242937956124 2.159927560210683e-12 6.533567123625526e-05 -8.289016928083917e-14 -6.616417586608216e-08 7.357667510280194e-13 1.8021262595729798e-11 5.526638665258484e-16 9.05438710588792e+31 212333.55765362346 209780.86700951238 
8.987140063909422e-13 0.1454429223634872 -0.1196781017161942 0.041328242937956124 1.1079172119910396e-12 6.533567123625526e-05 -7.566777918872857e-14 -6.61641761998931e-08 7.357667510280194e-13 1.8021262595729798e-11 5.526638665258484e-16 9.054387217960422e+31 212333.56372343632 209780.83962191403 
7.743009427718105e-13 0.1612642086812461 -0.1196781017161942 0.041328242937956124 2.0663886915066837e-12 6.533567123625526e-05 -8.038206399269519e-14 -6.61641761998931e-08 7.311580067939259e-13 1.8021174228632164e-11 5.526638665258484e-16 9.055201214361423e+31 212313.77760488904 209897.4764264091 
7.743009427718105e-13 0.1444713503128527 -0.1196781017161942 0.041328242937956124 2.015080857078449e-12 6.533567123625526e-05 -1.1039092529137243e-13 -6.61641761998931e-08 7.031053063734401e-13 1.8021174228632164e-11 5.526638665258484e-16 9.058851524966845e+31 212349.75597166695 209804.26398441932 
8.165591180440433e-13 0.1454429223634872 -0.06892931293670816 0.041328242937956124 2.108656445237729e-12 6.533567123625526e-05 -6.115050612328458e-14 -6.61641761998931e-08 7.357667510280194e-13 1.8021262595729798e-11 1.160514081395669e-15 9.059848269028765e+31 210300.6831290646 220250.80642065313 
6.751614397519499e-13 0.1444713503128527 -0.07011307801124557 0.041328242937956124 2.138402413225724e-12 6.533567123625526e-05 -8.289016928083917e-14 -6.616417586608216e-08 7.633690196536123e-13 1.8021174228632164e-11 1.1927707340208474e-15 9.062445507039064e+31 210386.8565313293 219863.11898786886 
6.96511542838981e-13 0.13572698657307117 -0.06892931293670816 0.041328242937956124 2.2346856602248288e-12 6.533567123625526e-05 -1.2626210301283045e-13 -6.61641761998931e-08 7.357667510280194e-13 1.8021174228632164e-11 1.1660648742424062e-15 9.063253484669657e+31 210336.9499732828 220143.7024674417 
6.938697376183663e-13 0.15714840393096752 -0.07360686631040897 0.041328242937956124 9.880665164507994e-13 6.533567123625526e-05 -1.1064781902564071e-13 -6.616417586608216e-08 1.0259299990564622e-12 1.8021766744839304e-11 1.1927707340208474e-15 9.064890378014344e+31 210546.09587705796 219092.03671011858 
6.570516009392479e-13 0.1610656401749874 -0.1196781017161942 0.04110169253716469 2.108656445237729e-12 6.533567123625526e-05 -8.289016928083917e-14 -6.61641761998931e-08 7.620113246853295e-13 1.8021262595729798e-11 5.526638665258484e-16 9.069182823897317e+31 213193.07635152075 205921.96535575227 
8.987140063909422e-13 0.1444713503128527 -0.07011307801124557 0.041328242937956124 9.880665164507994e-13 6.533567123625526e-05 -1.1064781902564071e-13 -6.616417586608216e-08 1.0259299990564622e-12 1.8021174228632164e-11 1.1031597767533035e-15 9.085190342599276e+31 210465.56671087374 220003.0821438203 
8.273626793967652e-13 0.1444713503128527 -0.1196781017161942 0.041328242937956124 2.015080857078449e-12 6.533567123625526e-05 -1.1039092529137243e-13 -6.61641761998931e-08 7.357667510280194e-13 1.8011195727293454e-11 5.526638665258484e-16 9.103406965850178e+31 212868.69091759296 208278.77338175708 
6.08834827385146e-13 0.1368215815176841 -0.07775503026881382 0.0420776035925388 2.118476552641089e-12 6.533567123625526e-05 -1.1039092529137243e-13 -6.61641761998931e-08 7.031053063734401e-13 1.8021262595729798e-11 5.526638665258484e-16 9.176189212142303e+31 208010.06554668138 235635.43788973047 
8.987140063909422e-13 0.15714840393096752 -0.1296468664615426 0.041328242937956124 2.0663886915066837e-12 6.533567123625526e-05 -6.115050612328458e-14 -6.61641761998931e-08 7.357667510280194e-13 1.8021174228632164e-11 1.1660648742424062e-15 9.181419547269655e+31 213568.09575627564 206646.45349395918 
6.751614397519499e-13 0.1368215815176841 -0.07775503026881382 0.0420776035925388 2.118476552641089e-12 6.533567123625526e-05 -8.289016928083917e-14 -6.61641761998931e-08 7.357667510280194e-13 1.8021262595729798e-11 5.526638665258484e-16 9.18296524233656e+31 208038.6624277557 235647.41299005365 
6.96511542838981e-13 0.15373916884775432 -0.06892931293670816 0.041328242937956124 2.3627846491733336e-12 6.533567123625526e-05 -1.1770165993329054e-13 -6.61641761998931e-08 1.1027529925275664e-12 1.8021174228632164e-11 1.1660648742424062e-15 9.184139850473684e+31 210797.23589515663 220655.07934257406 
8.987140063909422e-13 0.1475269986018843 -0.07109799933521752 0.0420776035925388 2.2346856602248288e-12 6.533567123625526e-05 -1.2013474160266662e-13 -6.616417586608216e-08 7.249899130996887e-13 1.8021174228632164e-11 5.526638665258484e-16 9.263063697207014e+31 207984.02513429968 238015.23473785748 
6.965862222865093e-13 0.15714840393096752 -0.06635206982500687 0.041328242937956124 2.2758595552194536e-12 6.533567123625526e-05 -8.289016928083917e-14 -6.616417586608216e-08 1.1027529925275664e-12 1.8021262595729798e-11 1.1927707340208474e-15 9.27537764362268e+31 211016.0311830109 221694.2087075076 
6.96511542838981e-13 0.15714840393096752 -0.12734536477591052 0.041328242937956124 1.8098475527108328e-12 6.533567123625526e-05 -6.115050612328458e-14 -6.61641761998931e-08 7.994777455118796e-13 1.8021262595729798e-11 5.526638665258484e-16 9.283897509555405e+31 213527.68296108255 209150.73740001378 
6.96511542838981e-13 0.15714840393096752 -0.1296468664615426 0.041328242937956124 1.8098475527108328e-12 6.514618744337704e-05 -6.14872994144703e-14 -6.61641761998931e-08 7.357667510280194e-13 1.8021262595729798e-11 1.1660648742424062e-15 9.344119121720229e+31 215621.69605500964 200482.31899107873 
7.833577689989751e-13 0.15570567028418258 -0.06892931293670816 0.037391240573863845 2.0243563661069655e-12 6.514618744337704e-05 -6.342040977817706e-14 -6.616417586608216e-08 7.620113246853295e-13 1.858736737569287e-11 5.526638665258484e-16 9.382102885016145e+31 209164.6684869277 234346.5467388401 
6.965862222865093e-13 0.15714840393096752 -0.1296468664615426 0.041328242937956124 1.8098475527108328e-12 6.533567123625526e-05 -8.289016928083917e-14 -6.61641761998931e-08 7.069754939266884e-13 1.8021262595729798e-11 5.526638665258484e-16 9.384237684578673e+31 213984.60810806733 209163.7023335184 
6.965862222865093e-13 0.1610656401749873 -0.13849808247213752 0.041328242937956124 2.124615143694624e-12 6.533567123625526e-05 -6.342040977817706e-14 -6.616417586608216e-08 1.1027529925275664e-12 1.8021262595729798e-11 7.737661255023672e-16 9.549388683336231e+31 215165.81128050186 207066.2143886615 
6.96511542838981e-13 0.15714840393096752 -0.13849808247213752 0.041328242937956124 1.8098475527108328e-12 6.533567123625526e-05 -8.478131556294204e-14 -6.61641761998931e-08 1.0395392752810508e-12 1.8021262595729798e-11 5.526638665258484e-16 9.669972888630079e+31 215472.23487894796 208194.2235032866 
6.96511542838981e-13 0.1444713503128527 -0.13849808247213752 0.041328242937956124 2.015080857078449e-12 6.34539997769327e-05 -8.289016928083917e-14 -6.616417586608216e-08 1.1089628620551147e-12 1.858736737569287e-11 7.737661255023672e-16 9.848041946673174e+31 210955.7568500889 235718.12736846408 
8.010819065372763e-13 0.1444713503128527 -0.1196781017161942 0.041328242937956124 2.108656445237729e-12 6.597028019572477e-05 -1.0553949479042843e-13 -6.61641761998931e-08 7.357667510280194e-13 1.8021262595729798e-11 1.1660648742424062e-15 1.0207208311155058e+32 212018.3925777388 238253.50051452516 
6.96511542838981e-13 0.15714840393096752 -0.07360686631040897 0.039742638560525075 1.2262344347323414e-12 6.533567123658626e-05 -5.77577392670034e-14 -6.616417586608216e-08 7.357667510280194e-13 1.8021174228632164e-11 8.593102861882808e-16 1.043173816721986e+32 221847.01423439887 194128.24911497944 
6.751614397519499e-13 0.1610656401749874 -0.1196781017161942 0.03905712207319513 2.108656445237729e-12 6.533567123625526e-05 -1.1039092529137243e-13 -6.616417586608216e-08 7.357667510280194e-13 1.8021174228632164e-11 1.1957641175729286e-15 1.3229637220727688e+32 234573.92545639956 186272.72047359258 
6.751614397519499e-13 0.1444713503128527 -0.07360686631040897 0.03876387057289805 1.2262344347323414e-12 6.533567123625526e-05 -8.289016928083917e-14 -6.616417586608216e-08 7.357667510280194e-13 1.8021174228632164e-11 5.526638665258484e-16 1.4161371557246345e+32 236924.32155672027 189695.52652142878 
6.414734834744581e-13 0.1444713503128527 -0.07011307801124557 0.03995234079720904 2.138402413225724e-12 6.46965700770974e-05 -8.289016928083917e-14 -6.616417586608216e-08 7.357667510280194e-13 1.8021174228632164e-11 1.1927707340208474e-15 1.5418509919460827e+32 240763.9380607567 190583.46264333327 
8.987140063909422e-13 0.13786143697091052 -0.07360686631040897 0.03811942924802481 1.962593030009127e-12 6.533567123658626e-05 -8.289016928083917e-14 -6.616417586608216e-08 7.357667510280194e-13 1.8021262595729798e-11 5.526638665258484e-16 1.8750154666104714e+32 250301.64564513546 190847.43603097572 
8.204590565392919e-13 0.1454429223634872 -0.07360686631040897 0.04473637503071424 2.2729445927723976e-12 6.52200234490945e-05 -1.2152588474039574e-13 -6.61641761998931e-08 7.357667510280194e-13 1.8021262595729798e-11 4.143147131848143e-16 2.0473234378546662e+32 228560.1197023973 328234.4677382532 
6.96511542838981e-13 0.1444713503128527 -0.1196781017161942 0.04461231822414087 1.8098475527108328e-12 6.533567123625526e-05 -1.2152588474039574e-13 -6.616417586608216e-08 1.1049058674158835e-12 1.8021609065778686e-11 7.894175431700701e-16 2.218482228851369e+32 234434.05154000013 313294.2961726706 
6.414734834744581e-13 0.1444713503128527 -0.07360686631040897 0.04456335555018378 2.0663886915066837e-12 6.533567123625526e-05 -8.289016928083917e-14 -6.61641761998931e-08 7.357667510280194e-13 1.8021174228632164e-11 1.22091058581492e-15 2.248463293378227e+32 232278.68350920035 332536.2710731087 
7.743009427718105e-13 0.13786143697091052 -0.1196781017161942 0.04477001372913849 2.1769220283008193e-12 6.533567123625526e-05 -1.1039092529137243e-13 -6.61641761998931e-08 7.031053063734401e-13 1.8021262595729798e-11 5.526638665258484e-16 2.3756804117246877e+32 236579.79243642124 320552.95492476365 
6.96511542838981e-13 0.15570567028418258 -0.07360686631040897 0.039742638560525075 1.2262344347323414e-12 6.533567123658626e-05 -5.77577392670034e-14 -6.616417586608216e-08 1.1089628620551147e-12 1.858736737569287e-11 5.526638665258484e-16 2.4158695883624342e+32 234504.16444715677 340659.6446738871 
6.96511542838981e-13 0.15714840393096766 -0.07360686631040897 0.039742638560525075 1.2044385793292158e-12 6.533567123625526e-05 -8.478131556294204e-14 -6.61641761998931e-08 1.1089628620551147e-12 1.858736737569287e-11 7.737661255023672e-16 2.471929680598235e+32 235601.26874515513 340524.20513675 
6.965862222865093e-13 0.15714840393096766 -0.07360686631040897 0.04123546933691305 1.2262344347323414e-12 6.34539997769327e-05 -1.1957142829726968e-13 -6.616417586608216e-08 7.357667510280194e-13 1.801226656396671e-11 8.593102861882808e-16 3.0723158707017768e+32 273439.6524224495 200982.5710737476 
6.96511542838981e-13 0.14738075904449893 -0.07275354870296191 0.041328242937956124 2.2346856602248288e-12 6.533567123625526e-05 -1.2626210301283045e-13 -6.61641761998931e-08 7.357667510280194e-13 1.8469789189472075e-11 1.1660648742424062e-15 3.2789350194872085e+32 245509.2619455284 367615.1546166123 
6.62760636424191e-13 0.15714840393096766 -0.13849808247213752 0.04123546933691305 2.137728036291546e-12 6.533567123658626e-05 -1.1957142829726968e-13 -6.616417586608216e-08 7.357667510280194e-13 1.858736737569287e-11 8.593102861882808e-16 5.479278448716839e+32 267537.65817799995 399759.4738813822 
6.965862222865093e-13 0.142316879639515 -0.13849808247213752 0.041328242937956124 2.015080857078449e-12 6.533567123625526e-05 -1.1064781902564071e-13 -6.616417586608216e-08 1.0395392752810508e-12 1.858736737569287e-11 1.1031597767533035e-15 5.860806865223797e+32 270677.0684362917 403366.74351205514 
8.987140063909422e-13 0.15570567028418258 -0.13849808247213752 0.041328242937956124 1.2262344347323414e-12 6.533567123625526e-05 -8.289016928083917e-14 -6.61641761998931e-08 7.357667510280194e-13 1.858736737569287e-11 1.22091058581492e-15 5.882828906667181e+32 270853.56419278606 403564.9527804472 
6.751614397519499e-13 0.1610656401749873 -0.07011307801124557 0.041328242937956124 2.189356644936491e-12 7.063344208588138e-05 -8.289016928083917e-14 -6.61641761998931e-08 1.0652902451555367e-12 1.6368330584985473e-11 5.526638665258484e-16 8.260304857886422e+32 312483.8519082804 277241.4609793708 
8.165591180440433e-13 0.1454429223634872 -0.07360686631040897 0.041328242937956124 2.2882964874877e-12 6.842528441065464e-05 -6.115050612328458e-14 -6.61641761998931e-08 7.357667510280194e-13 1.8021262595729798e-11 1.1660648742424062e-15 1.413979409898725e+33 307183.39194397366 516957.00833795156 
6.965862222865093e-13 0.13786143697091052 -0.07360686631040897 0.041328242937956124 2.015080857078449e-12 6.52200234490945e-05 -1.2152588474039574e-13 -6.61641761998931e-08 1.1027529925275664e-12 1.891758889783492e-11 5.526638665258484e-16 4.5133355274774666e+33 371351.91671381856 639100.6680717319 
8.329607280786367e-13 0.15011628088238183 -0.11289820164002991 0.041328242937956124 1.2262344347323414e-12 6.533567123625526e-05 -6.342040977817706e-14 -6.616417586608216e-08 1.1089628620551147e-12 1.714799177553769e-11 5.526638665258484e-16 6.659362822647283e+33 452921.2700400857 349396.9382641533 
6.965862222865093e-13 0.14803593208055188 -0.07011307801124557 0.041328242937956124 2.138402413225724e-12 6.115032118503755e-05 -1.2518273814733832e-13 -6.616417586608216e-08 7.842574458350372e-13 1.8021262595729798e-11 1.1927707340208474e-15 7.163412514300662e+33 462199.9668701442 339602.13447376963 
8.987140063909422e-13 0.1454429223634872 -0.07360686631040897 0.04207760359253832 2.0663886915066837e-12 6.533567123625526e-05 -8.289016928083917e-14 -6.61641761998931e-08 7.357667510280194e-13 1.9040037098476736e-11 1.22091058581492e-15 2.201090842924731e+34 482730.6506085161 839679.5815568215 
7.102409353320434e-13 0.15714840393096752 -0.07360686631040897 0.04123546933691305 1.2262344347323414e-12 6.533567123625526e-05 -6.342040977817706e-14 -6.616417586608216e-08 1.1089628620551147e-12 1.913132411022716e-11 7.737661255023672e-16 2.204422496136685e+34 482600.8063521426 842082.4539793156 
6.79217713215217e-13 0.15714840393096752 -0.1296468664615426 0.041328242937956124 2.2758595552194536e-12 6.533567123625526e-05 -6.115050612328458e-14 -6.61641761998931e-08 1.0259299990564622e-12 1.9164428485581346e-11 1.2924664210960066e-15 2.7030833289720845e+34 502074.5432863353 847263.3580309398 
6.570516009392479e-13 0.15714840393096752 -0.1196781017161942 0.041328242937956124 2.137728036291546e-12 6.533567123658626e-05 -1.1957142829726968e-13 -6.61641761998931e-08 7.524746919539375e-13 1.6559702496568947e-11 5.526638665258484e-16 3.246845688979312e+35 844381.0463618161 756430.910696918 
6.938697376183663e-13 0.1419999456333649 -0.07506251246858199 0.041328242937956124 2.015080857078449e-12 6.533567123625526e-05 -8.478131556294204e-14 -6.616417586608216e-08 1.0259299990564622e-12 1.9680601182301926e-11 5.526638665258484e-16 7.004171964859618e+35 859823.4871373862 1490425.5229884468 
6.965862222865093e-13 0.15714840393096752 -0.07109799933521752 0.0420776035925388 1.8098475527108328e-12 6.533567123625526e-05 -1.2013474160266662e-13 -6.996268380276713e-08 7.39432440467513e-13 1.8021174228632164e-11 1.1660648742424062e-15 1.0326089001226781e+36 1019942.466907535 935529.5082582941 
6.570516009392479e-13 0.1610656401749874 -0.1196781017161942 0.04110169253716469 2.015080857078449e-12 6.533567123625526e-05 -1.1039092529137243e-13 -6.61641761998931e-08 7.620113246853295e-13 1.6276276751016604e-11 5.526638665258484e-16 1.8608742432296211e+36 1118037.818395254 1065208.330569761 
6.96511542838981e-13 0.15714840393096766 -0.07360686631040897 0.039742638560525075 1.2262344347323414e-12 6.786218431851593e-05 -8.289016928083917e-14 -6.616417586608216e-08 7.357667510280194e-13 1.9615469980809372e-11 1.22091058581492e-15 4.165225393943152e+36 1161040.309371248 1974249.4131540842 
8.987140063909422e-13 0.1475269986018843 -0.07360686631040897 0.04286490637416132 2.0663886915066837e-12 6.533567123625526e-05 -8.038206399269519e-14 -6.048719705431031e-08 7.357667510280194e-13 1.7818103559135216e-11 5.526638665258484e-16 7.075142162289896e+37 1867687.367338128 3113251.9162232005 
