0.8865617437021514 -0.3053522731420528 -6.211941063144333 0.04933903144709126 0.03810848157715883 8.132366097133624e-05 -6.018769160916912e-05 -1.251585565299179e-07 3.484096383229681e-08 4.1614924993407104e-11 -6.732420176902565e-12 280885648219.7045 79408.1893744182 3616645.978480757 
0.8865617437021514 -0.4024271034330469 -6.211941063144333 0.04933903144709126 0.03810848157715883 8.132366097133624e-05 -6.018769160916912e-05 -1.251585565299179e-07 3.484096383229681e-08 4.1614924993407104e-11 -6.732420176902565e-12 280965712625.8613 79473.92343900108 3614793.4404314146 
0.9450386180504948 0.03319927920494936 -6.211941063144333 0.04933903144709126 0.03810848157715883 8.132366097133624e-05 -6.018769160916912e-05 -1.251585565299179e-07 3.484096383229681e-08 4.1614924993407104e-11 -6.732420176902565e-12 281021464307.0634 79296.27005292106 3623239.3094861023 
0.8865617437021514 -0.4703879953735537 -6.211941063144333 0.04933903144709126 0.03810848157715883 8.132366097133624e-05 -6.018769160916912e-05 -1.251585565299179e-07 3.484096383229681e-08 4.1614924993407104e-11 -6.732420176902565e-12 281057780686.7293 79530.10176743234 3613509.9966834323 
0.8865617437021514 0.03319927920494936 -6.211941063144333 0.04933903144709126 0.03810848157715883 8.132366097133624e-05 -6.018769160916912e-05 -1.251585565299179e-07 3.484096383229681e-08 4.1614924993407104e-11 -6.732420176902565e-12 281081324689.3893 79312.5195880855 3623284.2172368625 
0.83115315006667 0.1240317450077846 -6.211941063144333 0.04933903144709126 0.03810848157715883 8.132366097133624e-05 -6.018769160916912e-05 -1.251585565299179e-07 3.484096383229681e-08 4.1614924993407104e-11 -6.732420176902565e-12 281316604778.48816 79337.59685453186 3625154.661294882 
0.8865617437021514 0.185245490397552 -6.211941063144333 0.04933903144709126 0.03810848157715883 8.132366097133624e-05 -6.018769160916912e-05 -1.251585565299179e-07 3.484096383229681e-08 4.1614924993407104e-11 -6.732420176902565e-12 281410188306.80023 79337.11562101511 3626355.2559207776 
0.7112990487524091 0.1240317450077846 -6.211941063144333 0.04933903144709126 0.03810848157715883 8.132366097133624e-05 -6.018769160916912e-05 -1.251585565299179e-07 3.484096383229681e-08 4.1614924993407104e-11 -6.732420176902565e-12 281439595562.4803 79370.9720635145 3625246.6019759933 
0.21249668678254974 0.03319927920494936 -6.211941063144333 0.04933903144709126 0.03810848157715883 8.132366097133624e-05 -6.018769160916912e-05 -1.251585565299179e-07 3.484096383229681e-08 4.1614924993407104e-11 -6.732420176902565e-12 281773154846.0666 79500.32235167321 3623802.364293472 
0.8865617437021514 0.33780718121111253 -6.211941063144333 0.04933903144709126 0.03810848157715883 8.132366097133624e-05 -6.018769160916912e-05 -1.251585565299179e-07 3.484096383229681e-08 4.1614924993407104e-11 -6.732420176902565e-12 281890841204.1674 79403.88598185452 3629492.6217974476 
0.2659658253929582 0.185245490397552 -6.211941063144333 0.04933903144709126 0.03810848157715883 8.132366097133624e-05 -6.018769160916912e-05 -1.251585565299179e-07 3.484096383229681e-08 4.1614924993407104e-11 -6.732420176902565e-12 282048525878.3657 79510.29603494905 3626831.0826962166 
0.0 0.1240317450077846 -6.211941063144333 0.04933903144709126 0.03810848157715883 8.132366097133624e-05 -6.018769160916912e-05 -1.251585565299179e-07 3.484096383229681e-08 4.1614924993407104e-11 -6.732420176902565e-12 282171686871.3127 79569.63536912124 3625792.834235452 
-0.19072620069254964 0.1240317450077846 -6.211941063144333 0.04933903144709126 0.03810848157715883 8.132366097133624e-05 -6.018769160916912e-05 -1.251585565299179e-07 3.484096383229681e-08 4.1614924993407104e-11 -6.732420176902565e-12 282368621850.9517 79623.07656146455 3625939.4718213105 
0.21249668678254974 0.33780718121111253 -6.211941063144333 0.04933903144709126 0.03810848157715883 8.132366097133624e-05 -6.018769160916912e-05 -1.251585565299179e-07 3.484096383229681e-08 4.1614924993407104e-11 -6.732420176902565e-12 282585971036.87946 79592.35892801407 3630008.188322635 
-0.8073888079682359 -0.4024271034330469 -6.211941063144333 0.04933903144709126 0.03810848157715883 8.132366097133624e-05 -6.018769160916912e-05 -1.251585565299179e-07 3.484096383229681e-08 4.1614924993407104e-11 -6.732420176902565e-12 282699119969.93 79945.19780046956 3616106.565184935 
-0.015454833605679896 0.33780718121111253 -6.211941063144333 0.04933903144709126 0.03810848157715883 8.132366097133624e-05 -6.018769160916912e-05 -1.251585565299179e-07 3.484096383229681e-08 4.1614924993407104e-11 -6.732420176902565e-12 282821804067.6785 79656.3012623339 3630182.745319221 
-0.8029295439861208 -0.624642747854451 -6.211941063144333 0.04933903144709126 0.03810848157715883 8.132366097133624e-05 -6.018769160916912e-05 -1.251585565299179e-07 3.484096383229681e-08 4.1614924993407104e-11 -6.732420176902565e-12 283099722228.38275 80157.46044247245 3611952.513150738 
-0.9872769751405297 0.185245490397552 -6.211941063144333 0.04933903144709126 0.03810848157715883 8.132366097133624e-05 -6.018769160916912e-05 -1.251585565299179e-07 3.484096383229681e-08 4.1614924993407104e-11 -6.732420176902565e-12 283346247956.91125 79862.36811982616 3627794.3244046206 
0.8865617437021514 0.6898351227149078 -6.211941063144333 0.04933903144709126 0.03810848157715883 8.132366097133624e-05 -6.018769160916912e-05 -1.251585565299179e-07 3.484096383229681e-08 4.1614924993407104e-11 -6.732420176902565e-12 283577997672.07086 79718.8407125515 3636945.6535633607 
0.9450386180504948 0.923748533858662 -6.211941063144333 0.04933903144709126 0.03810848157715883 8.132366097133624e-05 -6.018769160916912e-05 -1.251585565299179e-07 3.484096383229681e-08 4.1614924993407104e-11 -6.732420176902565e-12 285086287976.60455 80035.84028369274 3642018.6590570807 
0.6914324616276091 0.9816474033074323 -6.211941063144333 -0.029739890598701635 0.03810848157715883 8.132366097133624e-05 -6.018769160916912e-05 -1.251585565299179e-07 3.484096383229681e-08 4.1614924993407104e-11 -6.732420176902565e-12 70208591399341.15 18686020.657678794 22443299.571447402 
0.0 0.03319927920494936 -0.7632348535085358 0.04933903144709126 0.03810848157715883 8.132366097133624e-05 -6.018769160916912e-05 -1.251585565299179e-07 3.484096383229681e-08 4.1614924993407104e-11 -6.732420176902565e-12 193148669794124.56 45216906.818791434 49488509.70768818 
-0.015454833605679896 -0.7989905383706064 -0.7149746138405444 0.04933903144709126 0.03810848157715883 8.132366097133624e-05 -6.018769160916912e-05 -1.251585565299179e-07 3.484096383229681e-08 4.1614924993407104e-11 -6.732420176902565e-12 193542211343890.94 46050104.01911445 50252965.564520635 
0.0 0.10839627629520332 -0.7632348535085358 0.04933903144709126 0.03810848157715883 8.132366097133624e-05 -6.018769160916912e-05 -1.251585565299179e-07 3.484096383229681e-08 4.1614924993407104e-11 -6.732420176902565e-12 193990526357374.8 45215368.91764396 49505735.91013079 
0.8865617437021514 0.33780718121111253 -0.7632348535085358 0.04933903144709126 0.03810848157715883 8.132366097133624e-05 -6.018769160916912e-05 -1.251585565299179e-07 3.484096383229681e-08 4.1614924993407104e-11 -6.732420176902565e-12 196707194762057.44 45219242.836907014 49569319.98153158 
-0.015454833605679896 0.185245490397552 -0.7149746138405444 0.04933903144709126 0.03810848157715883 8.132366097133624e-05 -6.018769160916912e-05 -1.251585565299179e-07 3.484096383229681e-08 4.1614924993407104e-11 -6.732420176902565e-12 204840646553460.03 46029122.3657767 50479362.47519408 
0.7112990487524091 0.185245490397552 -0.7149746138405444 0.04933903144709126 0.03810848157715883 8.132366097133624e-05 -6.018769160916912e-05 -1.251585565299179e-07 3.484096383229681e-08 4.1614924993407104e-11 -6.732420176902565e-12 204965053667967.84 46036155.96027118 50488418.522003114 
-0.015454833605679896 -0.7989905383706064 -0.0027542085690110962 0.04933903144709126 0.03810848157715883 8.132366097133624e-05 -6.018769160916912e-05 -1.251585565299179e-07 3.484096383229681e-08 4.1614924993407104e-11 -6.732420176902565e-12 384490090729507.7 58936010.03266535 65459866.84815733 
0.8865617437021514 -0.9433418110645346 -6.211941063144333 0.13569525935766125 0.03810848157715883 8.132366097133624e-05 -6.018769160916912e-05 -1.251585565299179e-07 3.484096383229681e-08 4.1614924993407104e-11 -6.732420176902565e-12 403003353423370.7 22320676.375470374 40375835.038415596 
-0.015454833605679896 -0.7989905383706064 -6.211941063144333 0.13569525935766125 0.03810848157715883 8.132366097133624e-05 -6.018769160916912e-05 -1.251585565299179e-07 3.484096383229681e-08 4.1614924993407104e-11 -6.732420176902565e-12 403995435300127.25 22360053.473319497 40427784.65214621 
0.0 -0.1780107408993412 0.05572513477766372 0.04933903144709126 0.03810848157715883 8.132366097133624e-05 -6.018769160916912e-05 -1.251585565299179e-07 3.484096383229681e-08 4.1614924993407104e-11 -6.732420176902565e-12 415147818441250.4 60049601.33773974 66963016.40116898 
0.2659658253929582 -0.3053522731420528 0.20668487033769578 0.04933903144709126 0.03810848157715883 8.132366097133624e-05 -6.018769160916912e-05 -1.251585565299179e-07 3.484096383229681e-08 4.1614924993407104e-11 -6.732420176902565e-12 469360322221799.5 63018519.77288487 70466494.17649427 
0.2659658253929582 0.35664918939844603 0.20668487033769578 0.04933903144709126 0.03810848157715883 8.132366097133624e-05 -6.018769160916912e-05 -1.251585565299179e-07 3.484096383229681e-08 4.1614924993407104e-11 -6.732420176902565e-12 481351680164320.3 63002504.77695705 70642703.87488836 
0.8012524975042288 0.6898351227149078 -0.7492834636440657 -0.01371296819814627 0.03810848157715883 8.132366097133624e-05 -6.018769160916912e-05 -1.251585565299179e-07 3.484096383229681e-08 4.1614924993407104e-11 -6.732420176902565e-12 1223977016071106.5 56829408.04050867 35291668.01691664 
0.8865617437021514 -0.4024271034330469 -6.211941063144333 0.16968767210501845 0.03810848157715883 8.132366097133624e-05 -6.018769160916912e-05 -1.251585565299179e-07 3.484096383229681e-08 4.1614924993407104e-11 -6.732420176902565e-12 1226461812807745.8 43614528.06977766 71735016.0605124 
0.8865617437021514 -0.4024271034330469 -6.211941063144333 0.29742942987124277 0.03810848157715883 8.132366097133624e-05 -6.018769160916912e-05 -1.251585565299179e-07 3.484096383229681e-08 4.1614924993407104e-11 -6.732420176902565e-12 1.6182438532136202e+16 185387696.20633003 272677407.78527814 
0.8865617437021514 0.15192552540593152 0.2808015193223661 -0.38854758531990985 0.03810848157715883 8.132366097133624e-05 -6.018769160916912e-05 -1.251585565299179e-07 3.484096383229681e-08 4.1614924993407104e-11 -6.732420176902565e-12 2.1835688274957576e+16 638619300.8549976 604427274.015653 
0.8865617437021514 0.185245490397552 -6.211941063144333 0.04933903144709126 0.049756890217163896 8.132366097133624e-05 -6.018769160916912e-05 -1.251585565299179e-07 3.484096383229681e-08 4.1614924993407104e-11 -6.732420176902565e-12 1.8947971542130147e+17 820289204.962426 1051280560.5416826 
0.8012524975042288 0.03319927920494936 -6.211941063144333 0.7158155843751228 0.03810848157715883 8.132366097133624e-05 -6.018769160916912e-05 -1.251585565299179e-07 3.484096383229681e-08 4.1614924993407104e-11 -6.732420176902565e-12 6.964029041969183e+17 1339644423.0619464 1859486025.959222 
0.83115315006667 -0.970294226280993 -6.211941063144333 0.7219651938625737 0.03810848157715883 8.132366097133624e-05 -6.018769160916912e-05 -1.251585565299179e-07 3.484096383229681e-08 4.1614924993407104e-11 -6.732420176902565e-12 7.196295654930911e+17 1362363095.5887961 1890584659.8862908 
-0.015454833605679896 0.33780718121111253 -6.211941063144333 -0.6653392520005885 0.03810848157715883 8.132366097133624e-05 -6.018769160916912e-05 -1.251585565299179e-07 3.484096383229681e-08 4.1614924993407104e-11 -6.732420176902565e-12 7.386976020381166e+17 1539429716.6667204 2019281179.8680387 
-0.015454833605679896 -0.7989905383706064 -6.211941063144333 -0.8924902411891098 0.03810848157715883 8.132366097133624e-05 -6.018769160916912e-05 -1.251585565299179e-07 3.484096383229681e-08 4.1614924993407104e-11 -6.732420176902565e-12 2.2904864180682573e+18 2677162472.797351 3532727438.070057 
0.8865617437021514 -0.4703879953735537 0.12453043124895458 0.04933903144709126 0.011014860940221416 8.132366097133624e-05 -6.018769160916912e-05 -1.251585565299179e-07 3.484096383229681e-08 4.1614924993407104e-11 -6.732420176902565e-12 5.055203475111813e+18 3502888000.382018 4946041042.831706 
0.8865617437021514 0.185245490397552 -6.211941063144333 -0.9758347714748175 0.096282685817487 8.132366097133624e-05 -6.018769160916912e-05 -1.251585565299179e-07 3.484096383229681e-08 4.1614924993407104e-11 -6.732420176902565e-12 3.037343481427986e+19 22657807856.375908 23998336252.009415 
0.4795079495131265 0.185245490397552 -6.211941063144333 0.04933903144709126 0.096282685817487 8.132366097133624e-05 -6.018769160916912e-05 -1.251585565299179e-07 3.484096383229681e-08 4.1614924993407104e-11 -6.732420176902565e-12 1.4652818614196817e+20 20559238975.67596 27686360087.275887 
0.4795079495131265 0.33780718121111253 -0.7492834636440657 0.04933903144709126 0.096282685817487 8.132366097133624e-05 -6.018769160916912e-05 -1.251585565299179e-07 3.484096383229681e-08 4.1614924993407104e-11 -6.732420176902565e-12 1.7548261392397173e+20 22521147385.26368 30313051186.701244 
0.4795079495131265 0.185245490397552 0.06052410434422928 0.04933903144709126 0.096282685817487 8.132366097133624e-05 -6.018769160916912e-05 -1.251585565299179e-07 3.484096383229681e-08 4.1614924993407104e-11 -6.732420176902565e-12 1.8010024786204528e+20 22819938431.14579 30712170410.88836 
0.8865617437021514 0.38884375417890293 -6.211941063144333 -0.8924902411891098 -0.18703495420137628 8.132366097133624e-05 -6.018769160916912e-05 -1.251585565299179e-07 3.484096383229681e-08 4.1614924993407104e-11 -6.732420176902565e-12 4.363854571558301e+22 314896901303.6976 453477324086.2529 
-0.5265347616095135 0.35664918939844603 -0.7632348535085358 0.04933903144709126 -0.47316064255614365 8.132366097133624e-05 -6.018769160916912e-05 -1.251585565299179e-07 3.484096383229681e-08 4.1614924993407104e-11 -6.732420176902565e-12 9.057413934878368e+23 1573418309372.2166 2149070307377.2617 
-0.015454833605679896 0.185245490397552 -0.7149746138405444 -0.26501572193923284 0.03810848157715883 -0.01955365464489267 -6.018769160916912e-05 -1.251585565299179e-07 3.484096383229681e-08 4.1614924993407104e-11 -6.732420176902565e-12 8.935956544486535e+24 4932701106013.534 6744275809697.195 
0.8865617437021514 0.185245490397552 -6.211941063144333 0.04933903144709126 0.8823226285954562 -0.3263057517907104 -6.018769160916912e-05 -1.251585565299179e-07 3.484096383229681e-08 4.1614924993407104e-11 -6.732420176902565e-12 6.037365808081405e+29 1329839428200595.5 1783831517775692.5 
0.83115315006667 -0.3053522731420528 -6.211941063144333 0.4038488466402015 0.03810848157715883 0.513663454606718 -6.018769160916912e-05 -1.251585565299179e-07 3.484096383229681e-08 4.1614924993407104e-11 -6.732420176902565e-12 4.1017437280221236e+30 3326701539967967.0 4559677711332477.0 
0.21249668678254974 0.22880644237723424 -0.9110257636941319 -0.26501572193923284 0.03810848157715883 0.8746192921766491 -6.018769160916912e-05 -1.251585565299179e-07 3.484096383229681e-08 4.1614924993407104e-11 -6.732420176902565e-12 3.4421057743103205e+31 9636411641605374.0 1.3208390405410948e+16 
0.9450386180504948 -0.624642747854451 -6.211941063144333 0.04933903144709126 0.03810848157715883 8.132366097133624e-05 -0.2772830642507915 -1.251585565299179e-07 3.484096383229681e-08 4.1614924993407104e-11 -6.732420176902565e-12 1.548158106252536e+36 2.0408388558424215e+18 2.7994279535659085e+18 
0.8865617437021514 -0.4024271034330469 -6.211941063144333 0.04933903144709126 0.03810848157715883 8.132366097133624e-05 -0.5108384892447966 -1.251585565299179e-07 3.484096383229681e-08 4.1614924993407104e-11 -6.732420176902565e-12 1.7841352256952645e+37 6.928120603234237e+18 9.503328697709933e+18 
0.8865617437021514 0.185245490397552 -6.211941063144333 -0.18650821380242055 0.03810848157715883 8.132366097133624e-05 0.6608209576118085 -1.251585565299179e-07 3.484096383229681e-08 4.1614924993407104e-11 -6.732420176902565e-12 5.000188175291992e+37 1.1598367664325327e+19 1.5909481365843644e+19 
0.4795079495131265 0.185245490397552 -6.211941063144333 0.04933903144709126 0.096282685817487 8.132366097133624e-05 -0.6653523376547785 -1.251585565299179e-07 3.484096383229681e-08 4.1614924993407104e-11 -6.732420176902565e-12 5.134230047857608e+37 1.1752744700341484e+19 1.612128173468073e+19 
0.8865617437021514 0.185245490397552 -6.211941063144333 0.04933903144709126 0.03810848157715883 8.132366097133624e-05 -0.7132569955403716 -1.251585565299179e-07 3.484096383229681e-08 4.1614924993407104e-11 -6.732420176902565e-12 6.781647607378866e+37 1.3507324492220312e+19 1.8528043148446294e+19 
0.2659658253929582 -0.4024271034330469 -0.9110257636941319 -0.26501572193923284 0.03810848157715883 8.132366097133624e-05 -0.8367557673286294 -1.251585565299179e-07 3.484096383229681e-08 4.1614924993407104e-11 -6.732420176902565e-12 1.2846003153083604e+38 1.859022391826602e+19 2.550030913809042e+19 
0.83115315006667 0.1240317450077846 0.2808015193223661 0.04933903144709126 0.03810848157715883 8.132366097133624e-05 0.9635957046353245 -1.251585565299179e-07 3.484096383229681e-08 4.1614924993407104e-11 -6.732420176902565e-12 2.260407342589056e+38 2.4660156092345786e+19 3.3826388999081763e+19 
0.8865617437021514 -0.029179617448738426 -6.211941063144333 0.04933903144709126 0.03810848157715883 8.132366097133624e-05 0.2980849372040122 -0.052022386027675394 3.484096383229681e-08 4.1614924993407104e-11 -6.732420176902565e-12 8.241678026742874e+39 1.4864157384114943e+20 2.0408822859435196e+20 
-0.5407777676640422 0.03319927920494936 -6.211941063144333 0.04933903144709126 0.03810848157715883 8.132366097133624e-05 -6.018769160916912e-05 0.29241439582336937 3.484096383229681e-08 4.1614924993407104e-11 -6.732420176902565e-12 8.688303624955491e+42 4.835975869395584e+21 6.632573672941155e+21 
0.7112990487524091 0.9502961468013951 -6.211941063144333 0.04933903144709126 0.03810848157715883 8.132366097133624e-05 -6.018769160916912e-05 -0.4543418616611481 3.484096383229681e-08 4.1614924993407104e-11 -6.732420176902565e-12 5.063720427795568e+43 1.1674855700879104e+22 1.6012143079441115e+22 
0.83115315006667 0.33780718121111253 -6.211941063144333 0.04933903144709126 0.03810848157715883 8.132366097133624e-05 -6.018769160916912e-05 -0.5336552437388031 3.484096383229681e-08 4.1614924993407104e-11 -6.732420176902565e-12 9.63788870313834e+43 1.6106738697994026e+22 2.2090500453773095e+22 
0.8865617437021514 0.185245490397552 -6.211941063144333 0.13569525935766125 0.03810848157715883 8.132366097133624e-05 -6.018769160916912e-05 0.6478282864233029 3.484096383229681e-08 4.1614924993407104e-11 -6.732420176902565e-12 2.0930482595009066e+44 2.3735930506799907e+22 3.255398909903115e+22 
-0.015454833605679896 0.185245490397552 -0.3361664947630034 0.04933903144709126 0.03810848157715883 8.132366097133624e-05 -6.018769160916912e-05 0.7658646913368645 3.484096383229681e-08 4.1614924993407104e-11 -6.732420176902565e-12 4.088346806096873e+44 3.3173438959137495e+22 4.54975962800979e+22 
-0.9872769751405297 -0.1780107408993412 -0.7632348535085358 0.04933903144709126 0.03810848157715883 8.132366097133624e-05 -6.018769160916912e-05 0.7659309186788361 3.484096383229681e-08 4.1614924993407104e-11 -6.732420176902565e-12 4.0897611100592896e+44 3.3179176458796224e+22 4.55054652536317e+22 
0.2659658253929582 0.6898351227149078 0.20668487033769578 0.04933903144709126 0.03810848157715883 8.132366097133624e-05 -6.018769160916912e-05 -0.9549338277418666 3.484096383229681e-08 4.1614924993407104e-11 -6.732420176902565e-12 9.881708931208908e+44 5.157422298308219e+22 7.073439323799886e+22 
0.8012524975042288 0.6898351227149078 0.23559598112176272 -0.01371296819814627 0.03810848157715883 8.132366097133624e-05 -6.018769160916912e-05 -0.963310746489568 3.484096383229681e-08 4.1614924993407104e-11 -6.732420176902565e-12 1.0233038150565852e+45 5.248303740130185e+22 7.1980838323761455e+22 
0.8865617437021514 0.03319927920494936 -6.211941063144333 0.04933903144709126 0.03810848157715883 8.132366097133624e-05 -6.018769160916912e-05 -1.251585565299179e-07 -0.17788960595353887 4.1614924993407104e-11 -6.732420176902565e-12 5.495048727722259e+48 3.839758075303866e+24 5.270850508721666e+24 
0.21249668678254974 0.03319927920494936 -0.0027542085690110962 0.04933903144709126 -0.03525455370773245 8.132366097133624e-05 -6.018769160916912e-05 -1.251585565299179e-07 -0.4329894265146361 4.1614924993407104e-11 -6.732420176902565e-12 1.9287603977151483e+50 2.274873382129686e+25 3.1227273386912093e+25 
0.9450386180504948 0.03319927920494936 -6.211941063144333 -0.2377159702761371 0.03810848157715883 -0.534410876649722 -6.018769160916912e-05 -1.251585565299179e-07 -0.6863799062544838 4.1614924993407104e-11 -6.732420176902565e-12 1.2179503146458905e+51 5.716535843616002e+25 7.847109932477963e+25 
0.8865617437021514 0.185245490397552 -6.211941063144333 -0.4032014654458709 0.03810848157715883 8.132366097133624e-05 -6.018769160916912e-05 -1.251585565299179e-07 0.7302690243599104 4.1614924993407104e-11 -6.732420176902565e-12 1.560631423997365e+51 6.470953269927228e+25 8.882702140453248e+25 
0.8865617437021514 0.185245490397552 -6.211941063144333 0.04933903144709126 0.03810848157715883 8.132366097133624e-05 -6.018769160916912e-05 0.42275899856174126 0.9814678830906141 4.1614924993407104e-11 -6.732420176902565e-12 5.100593376720464e+51 1.1733365464634381e+26 1.6080450188189782e+26 
0.83115315006667 -0.970294226280993 -0.8288499454021667 0.7219651938625737 0.03810848157715883 8.132366097133624e-05 -6.018769160916912e-05 -1.251585565299179e-07 0.9940159586349504 4.1614924993407104e-11 -6.732420176902565e-12 5.3572545548830115e+51 1.1989173093539463e+26 1.6457583477713368e+26 
0.8865617437021514 -0.7989905383706064 -6.211941063144333 0.04933903144709126 0.03810848157715883 8.132366097133624e-05 -6.018769160916912e-05 -1.251585565299179e-07 3.484096383229681e-08 -0.023394563346658348 -6.732420176902565e-12 7.725317586571307e+51 1.4321871493158828e+26 1.9715941388466493e+26 
0.8865617437021514 -0.3053522731420528 -0.7492834636440657 0.011799735885759999 0.03810848157715883 8.132366097133624e-05 -6.018769160916912e-05 -1.251585565299179e-07 3.484096383229681e-08 0.16931312910701912 -6.732420176902565e-12 2.119430153370824e+55 7.50155254609251e+27 1.0326874558233604e+28 
0.0 -0.1780107408993412 -0.7632348535085358 0.04933903144709126 0.03810848157715883 8.132366097133624e-05 -6.018769160916912e-05 -1.251585565299179e-07 3.484096383229681e-08 -0.21796657563616595 -6.732420176902565e-12 5.821248918884018e+55 1.2432248618372676e+28 1.7114626760554643e+28 
0.0 -0.1780107408993412 -0.7632348535085358 0.04933903144709126 0.03810848157715883 8.132366097133624e-05 0.34895171485608034 -0.4439323948294527 0.3647377143283692 -0.4350161992227881 -6.732420176902565e-12 9.30888431084532e+56 4.918474195040374e+28 6.811110801781564e+28 
0.8865617437021514 -0.4703879953735537 -6.211941063144333 0.04933903144709126 0.03810848157715883 8.132366097133624e-05 -6.018769160916912e-05 0.515701637868835 3.484096383229681e-08 -0.5341828409962535 -6.732420176902565e-12 2.0962473699408667e+57 7.460378090549542e+28 1.0270218750765269e+29 
0.8865617437021514 0.185245490397552 -0.07412160779690447 -0.01371296819814627 0.03810848157715883 8.132366097133624e-05 -6.018769160916912e-05 0.5091088766641578 3.484096383229681e-08 4.1614924993407104e-11 -0.01256240576253087 3.0681369122434735e+57 8.938551383404088e+28 1.2371028057353719e+29 
0.8865617437021514 -0.1780107408993412 -0.7632348535085358 0.04933903144709126 0.03810848157715883 8.132366097133624e-05 -6.018769160916912e-05 -1.251585565299179e-07 3.484096383229681e-08 0.6605950116255037 -6.732420176902565e-12 4.91131426124578e+57 1.1419325791655351e+29 1.5720205152532079e+29 
0.8012524975042288 -0.7989905383706064 -0.0027542085690110962 -0.01371296819814627 0.03810848157715883 8.132366097133624e-05 -6.018769160916912e-05 -1.251585565299179e-07 3.484096383229681e-08 -0.8169392452105007 -6.732420176902565e-12 1.1487237602551298e+58 1.7464228436164672e+29 2.404180937227044e+29 
0.8865617437021514 0.03319927920494936 -6.211941063144333 0.04933903144709126 0.03810848157715883 -0.6991667972035533 -6.018769160916912e-05 -1.251585565299179e-07 3.484096383229681e-08 0.9018173791322472 -6.732420176902565e-12 1.7058100842038926e+58 2.128173049349561e+29 2.929710351367949e+29 
0.8865617437021514 -0.4024271034330469 -6.211941063144333 0.04933903144709126 0.16608524144298054 8.132366097133624e-05 -6.018769160916912e-05 -1.251585565299179e-07 3.484096383229681e-08 -0.9620917096113741 -6.732420176902565e-12 2.209644736939047e+58 2.4221600032194576e+29 3.334422089127101e+29 
0.9450386180504948 -0.4024271034330469 -6.211941063144333 0.04933903144709126 0.03810848157715883 8.132366097133624e-05 -6.018769160916912e-05 0.19193828296418514 3.484096383229681e-08 4.1614924993407104e-11 0.08742998123257051 7.197331768374003e+60 4.3303635900953704e+30 5.992425358958407e+30 
8.826937594002125 7.607651304100294 -0.8757747664352387 1.0592101391382176 0.32696027013821016 6.971200277435642 2.9459578011423595 1.7971538801541183 -9.861238938951471 -6.401963754272241 0.2528292506936243 9.614121643020434e+62 3.6318639487880766e+31 6.279023032549622e+31 
0.21249668678254974 0.33780718121111253 -6.211941063144333 0.04933903144709126 0.03810848157715883 8.132366097133624e-05 -0.41639088694261583 -1.251585565299179e-07 3.484096383229681e-08 4.1614924993407104e-11 -0.5870758185349017 1.4632204195741537e+64 1.95248581381581e+32 2.701899924392384e+32 
0.0 0.03319927920494936 -6.211941063144333 0.28090080896592484 0.03810848157715883 8.132366097133624e-05 -6.018769160916912e-05 -1.251585565299179e-07 3.484096383229681e-08 4.1614924993407104e-11 -0.7556564528259073 4.0163384705818426e+64 3.2348054130671214e+32 4.476406671169908e+32 
0.6170885455992032 -0.8767250843083112 -6.211941063144333 0.04933903144709126 0.03810848157715883 8.132366097133624e-05 -6.018769160916912e-05 -1.251585565299179e-07 3.484096383229681e-08 4.1614924993407104e-11 0.8353485739343258 5.997961394914278e+64 3.953073066419398e+32 5.470363866295023e+32 
0.2659658253929582 0.185245490397552 -6.211941063144333 0.04933903144709126 0.03810848157715883 8.132366097133624e-05 -6.018769160916912e-05 -1.251585565299179e-07 3.484096383229681e-08 4.1614924993407104e-11 0.8387026239495099 6.09487398799498e+64 3.984881160044958e+32 5.5143807218151304e+32 
0.21249668678254974 0.35664918939844603 -6.211941063144333 0.04933903144709126 0.03810848157715883 8.132366097133624e-05 -6.018769160916912e-05 -1.251585565299179e-07 3.484096383229681e-08 0.08083243161026776 -0.9946037104787957 1.2069363387585236e+65 5.599325244484045e+32 7.754828427563987e+32 
-1.2159994384705648 -5.920262384179273 2.1343450007343137 7.806740175905148 -9.428137471304641 -7.512317717262722 9.854215876323245 6.644144476037116 -9.228389814214877 0.24523740223199475 -2.1801160406755553 2.8091613847173897e+66 2.69989437894859e+33 3.7403652235196844e+33 
-3.397285039780737 -0.692342268246481 8.89429834138889 -1.2892910870462018 -3.427061948067342 -8.652256789246447 9.975558619724282 7.874170804187916 6.830916160604591 4.419418066710392 -3.480368890706833 1.838423924818934e+67 6.764561379314057e+33 9.482289583304949e+33 
5.66181229354487 -0.22323503120177612 -0.5275457039063944 6.7524167310099195 -9.633486203648513 5.406138003566571 6.234539395484795 8.175086359508189 2.9198514635673796 2.599717793516188 3.760975523961392 2.442223774068944e+67 8.077999922933244e+33 1.1101302469811872e+34 
-8.636094834129786 -0.37634775542432664 7.292090601165082 9.932876797365925 7.989551407725312 0.6606350895490607 -5.0159235563196685 -2.603494279658083 7.096748239635858 6.7433355940868545 -4.496884199316005 5.14745318105127e+67 1.1273437343353294e+34 1.5839438842519967e+34 
9.305532288504462 -4.9962991038281785 -5.133056568161649 3.933435432681364 -5.158470586464896 1.2024963811496487 -8.95236575692529 -4.846526389191621 7.500088257898071 8.349231377609545 -4.5768972229389355 5.554256057144304e+67 1.1643650044831942e+34 1.6413851859347633e+34 
8.267465589213423 -8.265327703891732 5.747860793987588 0.33280981137492915 -5.633329361695889 8.649686872391172 4.384693245990064 -4.9649431179577785 -9.620578654928345 -7.37568208553591 5.660194593317039 1.2874236769244594e+68 1.7890692038562186e+34 2.508674501487805e+34 
2.2768807969994995 -7.562880447703217 1.0084030811435234 8.160259858409866 4.709432427181088 7.326261668364214 -9.295283526378359 6.843762371434536 -3.395408084805423 -1.3551538087614894 -5.763960473138661 1.356155839160993e+68 1.8877349404818226e+34 2.6061386793111996e+34 
3.0880834498480585 -4.2325020036792775 -1.9912674180318604 -8.456253099266345 3.3519756230971236 -8.61314662141118 -5.468120799604361 8.502808365334694 -0.5213375548293548 -9.899663220354446 -6.102786869529552 1.6685716527839558e+68 2.14798166836213e+34 2.924790743300031e+34 
0.8865617437021514 -0.3053522731420528 -6.211941063144333 0.04933903144709126 0.03810848157715883 8.132366097133624e-05 -6.018769160916912e-05 -1.251585565299179e-07 3.484096383229681e-08 4.1614924993407104e-11 -6.732420176902565e-12 280885648219.7045 79408.1893744182 3616645.978480757 
0.83115315006667 -0.31526780281229727 -6.211941063144333 0.04933903144709126 0.03810848157715883 8.132366097133624e-05 -6.018769160916912e-05 -1.251585565299179e-07 3.484096383229681e-08 4.1614924993407104e-11 -6.732420176902565e-12 280947488837.74255 79429.46110490007 3616498.5149500943 
0.8865617437021514 -0.4024271034330469 -6.211941063144333 0.04933903144709126 0.03810848157715883 8.132366097133624e-05 -6.018769160916912e-05 -1.251585565299179e-07 3.484096383229681e-08 4.1614924993407104e-11 -6.732420176902565e-12 280965712625.8613 79473.92343900108 3614793.4404314146 
0.9450386180504948 0.03319927920494936 -6.211941063144333 0.04933903144709126 0.03810848157715883 8.132366097133624e-05 -6.018769160916912e-05 -1.251585565299179e-07 3.484096383229681e-08 4.1614924993407104e-11 -6.732420176902565e-12 281021464307.0634 79296.27005292106 3623239.3094861023 
0.8865617437021514 -0.4703879953735537 -6.211941063144333 0.04933903144709126 0.03810848157715883 8.132366097133624e-05 -6.018769160916912e-05 -1.251585565299179e-07 3.484096383229681e-08 4.1614924993407104e-11 -6.732420176902565e-12 281057780686.7293 79530.10176743234 3613509.9966834323 
0.8865617437021514 -0.4703879953735537 -6.211941063144333 0.04933903144709126 0.03810848157715883 8.132366097133624e-05 -6.018769160916912e-05 -1.251585565299179e-07 3.484096383229681e-08 4.1614924993407104e-11 -6.732420176902565e-12 281057780686.7293 79530.10176743234 3613509.9966834323 
0.8865617437021514 0.03319927920494936 -6.211941063144333 0.04933903144709126 0.03810848157715883 8.132366097133624e-05 -6.018769160916912e-05 -1.251585565299179e-07 3.484096383229681e-08 4.1614924993407104e-11 -6.732420176902565e-12 281081324689.3893 79312.5195880855 3623284.2172368625 
0.7112990487524091 -0.4024271034330469 -6.211941063144333 0.04933903144709126 0.03810848157715883 8.132366097133624e-05 -6.018769160916912e-05 -1.251585565299179e-07 3.484096383229681e-08 4.1614924993407104e-11 -6.732420176902565e-12 281144079855.3274 79522.4171431963 3614929.0352427224 
0.7112990487524091 -0.4024271034330469 -6.211941063144333 0.04933903144709126 0.03810848157715883 8.132366097133624e-05 -6.018769160916912e-05 -1.251585565299179e-07 3.484096383229681e-08 4.1614924993407104e-11 -6.732420176902565e-12 281144079855.3274 79522.4171431963 3614929.0352427224 
0.8865617437021514 0.1240317450077846 -6.211941063144333 0.04933903144709126 0.03810848157715883 8.132366097133624e-05 -6.018769160916912e-05 -1.251585565299179e-07 3.484096383229681e-08 4.1614924993407104e-11 -6.732420176902565e-12 281259781850.10315 79322.17719462009 3625112.1667964077 
0.83115315006667 0.1240317450077846 -6.211941063144333 0.04933903144709126 0.03810848157715883 8.132366097133624e-05 -6.018769160916912e-05 -1.251585565299179e-07 3.484096383229681e-08 4.1614924993407104e-11 -6.732420176902565e-12 281316604778.48816 79337.59685453186 3625154.661294882 
0.8865617437021514 0.185245490397552 -6.211941063144333 0.04933903144709126 0.03810848157715883 8.132366097133624e-05 -6.018769160916912e-05 -1.251585565299179e-07 3.484096383229681e-08 4.1614924993407104e-11 -6.732420176902565e-12 281410188306.80023 79337.11562101511 3626355.2559207776 
0.7112990487524091 0.1240317450077846 -6.211941063144333 0.04933903144709126 0.03810848157715883 8.132366097133624e-05 -6.018769160916912e-05 -1.251585565299179e-07 3.484096383229681e-08 4.1614924993407104e-11 -6.732420176902565e-12 281439595562.4803 79370.9720635145 3625246.6019759933 
0.21249668678254974 0.03319927920494936 -6.211941063144333 0.04933903144709126 0.03810848157715883 8.132366097133624e-05 -6.018769160916912e-05 -1.251585565299179e-07 3.484096383229681e-08 4.1614924993407104e-11 -6.732420176902565e-12 281773154846.0666 79500.32235167321 3623802.364293472 
0.8865617437021514 0.33780718121111253 -6.211941063144333 0.04933903144709126 0.03810848157715883 8.132366097133624e-05 -6.018769160916912e-05 -1.251585565299179e-07 3.484096383229681e-08 4.1614924993407104e-11 -6.732420176902565e-12 281890841204.1674 79403.88598185452 3629492.6217974476 
0.8865617437021514 0.33780718121111253 -6.211941063144333 0.04933903144709126 0.03810848157715883 8.132366097133624e-05 -6.018769160916912e-05 -1.251585565299179e-07 3.484096383229681e-08 4.1614924993407104e-11 -6.732420176902565e-12 281890841204.1674 79403.88598185452 3629492.6217974476 
0.8865617437021514 0.33780718121111253 -6.211941063144333 0.04933903144709126 0.03810848157715883 8.132366097133624e-05 -6.018769160916912e-05 -1.251585565299179e-07 3.484096383229681e-08 4.1614924993407104e-11 -6.732420176902565e-12 281890841204.1674 79403.88598185452 3629492.6217974476 
0.21249668678254974 0.1240317450077846 -6.211941063144333 0.04933903144709126 0.03810848157715883 8.132366097133624e-05 -6.018769160916912e-05 -1.251585565299179e-07 3.484096383229681e-08 4.1614924993407104e-11 -6.732420176902565e-12 281952588278.578 79510.1798031072 3625629.5443521924 
-0.19072620069254964 0.013922076408614092 -6.211941063144333 0.04933903144709126 0.03810848157715883 8.132366097133624e-05 -6.018769160916912e-05 -1.251585565299179e-07 3.484096383229681e-08 4.1614924993407104e-11 -6.732420176902565e-12 282157267407.89374 79612.90468678162 3623727.624756042 
-0.015454833605679896 -0.7989905383706064 -6.211941063144333 0.04933903144709126 0.03810848157715883 8.132366097133624e-05 -6.018769160916912e-05 -1.251585565299179e-07 3.484096383229681e-08 4.1614924993407104e-11 -6.732420176902565e-12 282835255823.42804 80168.83007902946 3608164.1313028648 
-0.8073888079682359 -0.7989905383706064 -6.211941063144333 0.04933903144709126 0.03810848157715883 8.132366097133624e-05 -6.018769160916912e-05 -1.251585565299179e-07 3.484096383229681e-08 4.1614924993407104e-11 -6.732420176902565e-12 283643500485.5316 80388.8434786408 3608782.6878420725 
0.6914324616276091 0.185245490397552 -6.211941063144333 -0.029739890598701635 0.03810848157715883 8.132366097133624e-05 -6.018769160916912e-05 -1.251585565299179e-07 3.484096383229681e-08 4.1614924993407104e-11 -6.732420176902565e-12 71842869271626.88 18882582.193607334 22687298.54728216 
0.8865617437021514 0.03319927920494936 -0.7632348535085358 0.04933903144709126 0.03810848157715883 8.132366097133624e-05 -6.018769160916912e-05 -1.251585565299179e-07 3.484096383229681e-08 4.1614924993407104e-11 -6.732420176902565e-12 193295323870359.78 45225410.15319158 49499452.62656247 
0.9826928993946267 0.6898351227149078 -0.0027542085690110962 0.04933903144709126 0.03810848157715883 8.132366097133624e-05 -6.018769160916912e-05 -1.251585565299179e-07 3.484096383229681e-08 4.1614924993407104e-11 -6.732420176902565e-12 409211533685336.7 58911900.10572521 65858060.94845736 
0.8865617437021514 0.8513412557185052 -6.211941063144333 0.13569525935766125 0.03810848157715883 8.132366097133624e-05 -6.018769160916912e-05 -1.251585565299179e-07 3.484096383229681e-08 4.1614924993407104e-11 -6.732420176902565e-12 416155784999424.44 22806176.015804537 41053679.88103083 
0.29865294995993574 0.1240317450077846 0.05572513477766372 0.04933903144709126 0.03810848157715883 8.132366097133624e-05 -6.018769160916912e-05 -1.251585565299179e-07 3.484096383229681e-08 4.1614924993407104e-11 -6.732420176902565e-12 420329526886861.94 60045745.076641165 67045900.14758519 
-0.015454833605679896 0.185245490397552 0.05572513477766372 0.04933903144709126 0.03810848157715883 8.132366097133624e-05 -6.018769160916912e-05 -1.251585565299179e-07 3.484096383229681e-08 4.1614924993407104e-11 -6.732420176902565e-12 421278136467410.3 60040834.987741075 67057361.93233512 
0.0 -0.4703879953735537 0.12453043124895458 0.04933903144709126 0.03810848157715883 8.132366097133624e-05 -6.018769160916912e-05 -1.251585565299179e-07 3.484096383229681e-08 4.1614924993407104e-11 -6.732420176902565e-12 435118786940923.7 61398294.01849924 68485116.1183091 
0.83115315006667 0.1240317450077846 0.2141353369760286 0.04933903144709126 0.03810848157715883 8.132366097133624e-05 -6.018769160916912e-05 -1.251585565299179e-07 3.484096383229681e-08 4.1614924993407104e-11 -6.732420176902565e-12 480247731804804.7 63162531.734258786 70765895.92214999 
0.9450386180504948 0.9036822859370137 0.7809670682721699 0.04933903144709126 0.03810848157715883 8.132366097133624e-05 -6.018769160916912e-05 -1.251585565299179e-07 3.484096383229681e-08 4.1614924993407104e-11 -6.732420176902565e-12 764867759351005.5 74919807.43316534 85128960.2000532 
0.8865617437021514 0.03319927920494936 -6.211941063144333 0.29615507645465056 0.03810848157715883 8.132366097133624e-05 -6.018769160916912e-05 -1.251585565299179e-07 3.484096383229681e-08 4.1614924993407104e-11 -6.732420176902565e-12 1.5928091453104962e+16 183824190.013342 270472696.1318724 
-0.46844794017647096 -0.4024271034330469 -6.211941063144333 0.29742942987124277 0.03810848157715883 8.132366097133624e-05 -6.018769160916912e-05 -1.251585565299179e-07 3.484096383229681e-08 4.1614924993407104e-11 -6.732420176902565e-12 1.6180081531154632e+16 185389340.37860948 272665564.01752543 
0.8012524975042288 0.6898351227149078 -6.211941063144333 -0.23730240313148765 0.03810848157715883 8.132366097133624e-05 -6.018769160916912e-05 -1.251585565299179e-07 3.484096383229681e-08 4.1614924993407104e-11 -6.732420176902565e-12 1.6421962966206104e+16 247189927.77804613 313624523.69310105 
-0.8073888079682359 0.185245490397552 -6.211941063144333 0.31018107338542 0.03810848157715883 8.132366097133624e-05 -6.018769160916912e-05 -1.251585565299179e-07 3.484096383229681e-08 4.1614924993407104e-11 -6.732420176902565e-12 1.955942742742852e+16 205424640.12760162 300639252.23683536 
0.4795079495131265 0.33780718121111253 -6.211941063144333 -0.26729149941248576 0.03810848157715883 8.132366097133624e-05 -6.018769160916912e-05 -1.251585565299179e-07 3.484096383229681e-08 4.1614924993407104e-11 -6.732420176902565e-12 2.507787604383523e+16 302024855.6049018 385057346.4030804 
0.4795079495131265 0.185245490397552 -6.211941063144333 -0.27639201025244753 0.03810848157715883 8.132366097133624e-05 -6.018769160916912e-05 -1.251585565299179e-07 3.484096383229681e-08 4.1614924993407104e-11 -6.732420176902565e-12 2.8288562778785148e+16 319797678.44239104 408255364.928946 
0.6914324616276091 0.9816474033074323 -0.3295055464834451 -0.4931023760218185 0.03810848157715883 8.132366097133624e-05 -6.018769160916912e-05 -1.251585565299179e-07 3.484096383229681e-08 4.1614924993407104e-11 -6.732420176902565e-12 3.424541206178176e+16 934057119.5060173 970720200.7530107 
0.8865617437021514 -0.4024271034330469 -0.7492834636440657 0.29742942987124277 0.03810848157715883 8.132366097133624e-05 -6.018769160916912e-05 -1.251585565299179e-07 3.484096383229681e-08 4.1614924993407104e-11 -6.732420176902565e-12 4.34625301817762e+16 232597819.20240378 419454816.96279824 
0.8865617437021514 -0.7989905383706064 -6.211941063144333 -0.3184777638584666 0.03810848157715883 8.132366097133624e-05 -6.018769160916912e-05 -1.251585565299179e-07 3.484096383229681e-08 4.1614924993407104e-11 -6.732420176902565e-12 4.740338297681881e+16 408920649.76311576 524843831.9361833 
0.8865617437021514 0.185245490397552 0.23933839612471375 0.04933903144709126 0.049756890217163896 8.132366097133624e-05 -6.018769160916912e-05 -1.251585565299179e-07 3.484096383229681e-08 4.1614924993407104e-11 -6.732420176902565e-12 5.2415186367385075e+17 1337076618.4457552 1729089952.9419754 
0.8865617437021514 0.03319927920494936 -6.211941063144333 0.7158155843751228 0.03810848157715883 8.132366097133624e-05 -6.018769160916912e-05 -1.251585565299179e-07 3.484096383229681e-08 4.1614924993407104e-11 -6.732420176902565e-12 6.964059330559507e+17 1339644184.941715 1859488141.1831627 
0.4486863346371679 0.33780718121111253 -6.211941063144333 -0.6653392520005885 0.03810848157715883 8.132366097133624e-05 -6.018769160916912e-05 -1.251585565299179e-07 3.484096383229681e-08 4.1614924993407104e-11 -6.732420176902565e-12 7.386762815072876e+17 1539430837.441813 2019268101.6704555 
0.0 -0.3053522731420528 -0.7632348535085358 -0.888791790910266 0.03810848157715883 8.132366097133624e-05 -6.018769160916912e-05 -1.251585565299179e-07 3.484096383229681e-08 4.1614924993407104e-11 -6.732420176902565e-12 1.2812661426465034e+18 2693015235.053041 3168789053.919412 
0.8865617437021514 0.1240317450077846 -0.4634103982127853 0.8178496139109406 0.03810848157715883 8.132366097133624e-05 -6.018769160916912e-05 -1.251585565299179e-07 3.484096383229681e-08 4.1614924993407104e-11 -6.732420176902565e-12 1.846557038218861e+18 1837658532.1959987 2842500838.7872176 
-0.642842927871945 0.185245490397552 -0.7149746138405444 -0.26501572193923284 0.07449492462710361 8.132366097133624e-05 -6.018769160916912e-05 -1.251585565299179e-07 3.484096383229681e-08 4.1614924993407104e-11 -6.732420176902565e-12 1.661286566993913e+19 9379513125.595798 11150699481.165173 
-0.015454833605679896 -0.7989905383706064 -0.0027542085690110962 0.04933903144709126 -0.0015840273376102054 8.132366097133624e-05 -6.018769160916912e-05 -1.251585565299179e-07 3.484096383229681e-08 4.1614924993407104e-11 -6.732420176902565e-12 2.6384564079114736e+19 8173104799.51581 11401322805.563868 
0.2659658253929582 0.35664918939844603 -0.7492834636440657 0.04933903144709126 0.096282685817487 8.132366097133624e-05 -6.018769160916912e-05 -1.251585565299179e-07 3.484096383229681e-08 4.1614924993407104e-11 -6.732420176902565e-12 1.7548391483298864e+20 22521107494.49979 30313082861.423737 
0.8865617437021514 -0.4024271034330469 -6.211941063144333 0.04933903144709126 0.12533595736443637 8.132366097133624e-05 -6.018769160916912e-05 -1.251585565299179e-07 3.484096383229681e-08 4.1614924993407104e-11 -6.732420176902565e-12 7.531560733063125e+20 46241497564.90193 62528947430.66862 
0.8865617437021514 0.185245490397552 -6.211941063144333 0.04933903144709126 0.1776668670823962 8.132366097133624e-05 -6.018769160916912e-05 -1.251585565299179e-07 3.484096383229681e-08 4.1614924993407104e-11 -6.732420176902565e-12 4.999003372661262e+21 118405482989.99524 160624840121.31708 
-0.22508888810948058 0.185245490397552 0.06052410434422928 -0.31735621583018725 -0.20579829126313331 8.132366097133624e-05 -6.018769160916912e-05 -1.251585565299179e-07 3.484096383229681e-08 4.1614924993407104e-11 -6.732420176902565e-12 4.9703910708565445e+22 354800280487.4325 494890109729.62225 
0.9450386180504948 0.185245490397552 -6.211941063144333 0.04933903144709126 -0.41105855277338965 8.132366097133624e-05 -6.018769160916912e-05 -1.251585565299179e-07 3.484096383229681e-08 4.1614924993407104e-11 -6.732420176902565e-12 5.5124448429476815e+23 1227351709449.451 1676484977485.5854 
0.8865617437021514 0.35664918939844603 0.12453043124895458 0.04933903144709126 -0.47316064255614365 8.132366097133624e-05 -6.018769160916912e-05 -1.251585565299179e-07 3.484096383229681e-08 4.1614924993407104e-11 -6.732420176902565e-12 9.026891563454949e+23 1570694893365.228 2145401770021.2507 
-0.5265347616095135 0.9494338832294704 -0.7492834636440657 0.04933903144709126 -0.47316064255614365 8.132366097133624e-05 -6.018769160916912e-05 -1.251585565299179e-07 3.484096383229681e-08 4.1614924993407104e-11 -6.732420176902565e-12 9.05658599941106e+23 1573375108090.2014 2148990290562.7493 
-0.5265347616095135 0.33780718121111253 -0.7632348535085358 0.04933903144709126 -0.47316064255614365 8.132366097133624e-05 -6.018769160916912e-05 -1.251585565299179e-07 3.484096383229681e-08 4.1614924993407104e-11 -6.732420176902565e-12 9.057424998394966e+23 1573418322685.3433 2149071018971.269 
-0.4605088267711972 -0.3053522731420528 -6.211941063144333 0.04933903144709126 -0.6033734943456412 8.132366097133624e-05 -6.018769160916912e-05 -1.251585565299179e-07 3.484096383229681e-08 4.1614924993407104e-11 -6.732420176902565e-12 2.2888964743365803e+24 2503236575672.3096 3417611388097.6343 
-0.015454833605679896 0.185245490397552 -6.211941063144333 0.04933903144709126 0.03810848157715883 -0.01955365464489267 -6.018769160916912e-05 -1.251585565299179e-07 3.484096383229681e-08 4.1614924993407104e-11 -6.732420176902565e-12 8.730164324398816e+24 4859209235101.877 6655831669331.298 
-0.015454833605679896 0.185245490397552 -0.7632348535085358 0.04933903144709126 -0.47316064255614365 -0.01955365464489267 -6.018769160916912e-05 -1.251585565299179e-07 3.484096383229681e-08 4.1614924993407104e-11 -6.732420176902565e-12 2.8249369086713442e+25 7056259229044.739 11059707539225.059 
0.83115315006667 -0.7989905383706064 -6.211941063144333 0.7219651938625737 0.03810848157715883 0.22965240632753758 -6.018769160916912e-05 -1.251585565299179e-07 3.484096383229681e-08 4.1614924993407104e-11 -6.732420176902565e-12 1.64476097268576e+29 666140314849973.0 913049402322961.4 
0.8865617437021514 0.1240317450077846 -6.211941063144333 0.04933903144709126 0.03810848157715883 -0.2928965653469764 -6.018769160916912e-05 -1.251585565299179e-07 3.484096383229681e-08 4.1614924993407104e-11 -6.732420176902565e-12 4.3369915159178476e+29 1081868927268809.0 1482748498407489.8 
0.8865617437021514 -0.6028427328682346 -6.211941063144333 0.13569525935766125 0.03810848157715883 0.3799933720314195 -6.018769160916912e-05 -1.251585565299179e-07 3.484096383229681e-08 4.1614924993407104e-11 -6.732420176902565e-12 1.2271283038522013e+30 1819558039789624.0 2493968131151195.0 
0.6914324616276091 0.6898351227149078 -6.211941063144333 -0.01371296819814627 0.03810848157715883 -0.48424185622038807 -6.018769160916912e-05 -1.251585565299179e-07 3.484096383229681e-08 4.1614924993407104e-11 -6.732420176902565e-12 3.2398488682320596e+30 2956853314485139.0 4052561665102524.0 
0.0 0.03319927920494936 -0.7632348535085358 -0.8924902411891098 0.03810848157715883 -0.5760274634494786 -6.018769160916912e-05 -1.251585565299179e-07 3.484096383229681e-08 4.1614924993407104e-11 -6.732420176902565e-12 6.503571239449049e+30 4189798576147716.0 5742038169829739.0 
0.8865617437021514 -0.1780107408993412 0.05572513477766372 0.16968767210501845 0.03810848157715883 -0.6579166430769423 -6.018769160916912e-05 -1.251585565299179e-07 3.484096383229681e-08 4.1614924993407104e-11 -6.732420176902565e-12 1.1028755016336929e+31 5455965088672570.0 7477377402918190.0 
0.8865617437021514 0.33780718121111253 -6.211941063144333 0.04933903144709126 0.4649527347176494 -0.9486524649801904 -6.018769160916912e-05 -1.251585565299179e-07 3.484096383229681e-08 4.1614924993407104e-11 -6.732420176902565e-12 4.684770272484468e+31 1.1320589277400226e+16 1.5458863494129274e+16 
-0.015454833605679896 0.185245490397552 -0.7149746138405444 0.04933903144709126 0.03810848157715883 8.132366097133624e-05 -6.018769160916912e-05 0.0024844710397438075 3.484096383229681e-08 4.1614924993407104e-11 -6.732420176902565e-12 4.528719974394528e+34 3.4913946324635744e+17 4.7885037968890816e+17 
0.83115315006667 0.185245490397552 -6.211941063144333 0.7219651938625737 0.6390956123676104 8.132366097133624e-05 -0.2767026933357377 -1.251585565299179e-07 3.484096383229681e-08 4.1614924993407104e-11 -6.732420176902565e-12 1.5288511748864438e+36 2.028102331007449e+18 2.781935681283712e+18 
0.8865617437021514 0.1240317450077846 0.12453043124895458 0.04933903144709126 0.702287281056929 8.132366097133624e-05 0.4280382955981712 -1.251585565299179e-07 3.484096383229681e-08 4.1614924993407104e-11 -6.732420176902565e-12 8.829838204306799e+36 4.873940154143773e+18 6.685582875443862e+18 
0.8865617437021514 -0.7989905383706064 -6.211941063144333 -0.8924902411891098 -0.6460075447496749 8.132366097133624e-05 -0.7482704701537963 -1.251585565299179e-07 3.484096383229681e-08 4.1614924993407104e-11 -6.732420176902565e-12 8.229155405100497e+37 1.4879078666082226e+19 2.0409767487466955e+19 
0.542685412506503 0.6956002344999097 -0.7492834636440657 0.04933903144709126 0.03810848157715883 8.132366097133624e-05 0.8776056645260737 -1.251585565299179e-07 3.484096383229681e-08 4.1614924993407104e-11 -6.732420176902565e-12 1.5553041382086357e+38 2.045550275472469e+19 2.8058856027718193e+19 
0.21249668678254974 0.03319927920494936 -6.211941063144333 0.04933903144709126 -0.46687265689828306 8.132366097133624e-05 0.6285126066618032 0.07866033614158385 3.484096383229681e-08 4.1614924993407104e-11 -6.732420176902565e-12 5.394660481395617e+40 3.8203523124577396e+20 5.2324368638757424e+20 
0.8865617437021514 0.185245490397552 -6.211941063144333 0.04933903144709126 0.049756890217163896 8.132366097133624e-05 -6.018769160916912e-05 0.08342975088564097 3.484096383229681e-08 4.1614924993407104e-11 -6.732420176902565e-12 5.757401294176307e+40 3.93667566841136e+20 5.399179003490447e+20 
0.4795079495131265 0.185245490397552 -0.7632348535085358 0.04933903144709126 -0.1854368908259496 8.132366097133624e-05 -6.018769160916912e-05 -0.0884304451463036 3.484096383229681e-08 4.1614924993407104e-11 -6.732420176902565e-12 7.267038914437897e+40 4.422745699005011e+20 6.065851454796661e+20 
0.2659658253929582 -0.6311071950610945 -6.211941063144333 0.1854587159486174 0.03810848157715883 8.132366097133624e-05 -6.018769160916912e-05 0.2643730303133005 3.484096383229681e-08 4.1614924993407104e-11 -6.732420176902565e-12 5.805088822709082e+42 3.9529476516693735e+21 5.421494501830045e+21 
0.7112990487524091 0.1240317450077846 -6.211941063144333 0.04933903144709126 0.03810848157715883 8.132366097133624e-05 -6.018769160916912e-05 0.3850096405531147 3.484096383229681e-08 4.1614924993407104e-11 -6.732420176902565e-12 2.6111163292536754e+43 8.383584485653289e+21 1.149814286306577e+22 
0.7112990487524091 0.185245490397552 -6.211941063144333 0.04933903144709126 0.03810848157715883 8.132366097133624e-05 0.4040743862500049 0.44023333132517783 3.484096383229681e-08 4.1614924993407104e-11 -6.732420176902565e-12 4.527731517530075e+43 1.104316342712929e+22 1.5143194679412473e+22 
0.8865617437021514 0.03319927920494936 -6.211941063144333 0.04933903144709126 0.03810848157715883 -0.9602455317945751 -6.018769160916912e-05 -0.5322797180978447 3.484096383229681e-08 4.1614924993407104e-11 -6.732420176902565e-12 9.571275513542038e+43 1.6050973408965954e+22 2.20140232936512e+22 
0.2659658253929582 0.185245490397552 0.20668487033769578 0.04933903144709126 0.096282685817487 8.132366097133624e-05 -6.018769160916912e-05 -0.5497682636534809 3.484096383229681e-08 4.1614924993407104e-11 -6.732420176902565e-12 1.085567500398337e+44 1.7094060729112145e+22 2.3444614395682164e+22 
0.21249668678254974 0.33780718121111253 -0.7492834636440657 0.04933903144709126 0.03810848157715883 8.132366097133624e-05 -6.018769160916912e-05 0.8730245812473223 3.484096383229681e-08 4.1614924993407104e-11 -6.732420176902565e-12 6.9031193859433976e+44 4.310615895576674e+22 5.912038883188958e+22 
-0.015454833605679896 -0.7989905383706064 -6.211941063144333 0.04933903144709126 0.03810848157715883 8.132366097133624e-05 -6.018769160916912e-05 -0.8955671676322958 3.484096383229681e-08 4.1614924993407104e-11 -6.732420176902565e-12 7.644192400121145e+44 4.5360983295840175e+22 6.221289400127269e+22 
0.83115315006667 0.1240317450077846 -6.211941063144333 0.04933903144709126 0.03810848157715883 8.132366097133624e-05 -6.018769160916912e-05 -1.251585565299179e-07 -0.028712249055979244 4.1614924993407104e-11 -6.732420176902565e-12 3.729407862034363e+45 1.0003178654298085e+23 1.3731401443193234e+23 
0.8865617437021514 0.33780718121111253 -6.211941063144333 0.21620988693820298 0.03810848157715883 8.132366097133624e-05 -6.018769160916912e-05 -1.251585565299179e-07 0.13932736297207993 4.1614924993407104e-11 -6.732420176902565e-12 2.0678267515153842e+48 2.3554569126029218e+24 3.2333446550835563e+24 
-0.9872769751405297 0.185245490397552 -6.211941063144333 0.7219651938625737 0.7906569722134176 8.132366097133624e-05 -6.018769160916912e-05 -1.251585565299179e-07 -0.1938224901999288 4.1614924993407104e-11 -6.732420176902565e-12 7.744340158747356e+48 4.5583776240009565e+24 6.257302284821407e+24 
0.4795079495131265 0.1240317450077846 0.06052410434422928 0.04933903144709126 0.096282685817487 8.132366097133624e-05 -6.018769160916912e-05 0.13994412619908947 0.4270527556031303 4.1614924993407104e-11 -6.732420176902565e-12 1.8274719723246578e+50 2.2193623922020682e+25 3.0427844609663435e+25 
0.8012524975042288 0.33780718121111253 0.32812751316756894 0.04933903144709126 0.03810848157715883 8.132366097133624e-05 -6.018769160916912e-05 -1.251585565299179e-07 -0.5381419976041892 4.1614924993407104e-11 -6.732420176902565e-12 4.602105501550205e+50 3.513956445615986e+25 4.823621369690897e+25 
0.6914324616276091 0.1240317450077846 -6.211941063144333 0.04933903144709126 0.03810848157715883 8.132366097133624e-05 -6.018769160916912e-05 0.12346055090366548 -0.7174785074314725 4.1614924993407104e-11 -6.732420176902565e-12 1.4532675486878541e+51 6.236965065142621e+25 8.567052749631876e+25 
0.8865617437021514 -0.4024271034330469 -6.211941063144333 -0.7825708520031265 0.03810848157715883 8.132366097133624e-05 -6.018769160916912e-05 -1.251585565299179e-07 0.8174705194149126 4.1614924993407104e-11 -6.732420176902565e-12 2.450514264336992e+51 8.108615506118642e+25 1.1130727311133777e+26 
0.9450386180504948 0.35664918939844603 0.15555403142804702 0.04933903144709126 0.03810848157715883 -0.46199443097223347 -6.018769160916912e-05 -1.251585565299179e-07 3.484096383229681e-08 -0.16153974120348225 -6.732420176902565e-12 1.756204813249733e+55 6.828560893513339e+27 9.400412914219497e+27 
0.8865617437021514 0.185245490397552 -0.7632348535085358 0.04933903144709126 0.096282685817487 0.9530615663273532 -6.018769160916912e-05 -1.251585565299179e-07 3.484096383229681e-08 -0.25956841209335035 -6.732420176902565e-12 1.1707456616178413e+56 1.7630834762652369e+28 2.427116505545193e+28 
-0.015454833605679896 0.03319927920494936 -0.7149746138405444 0.04933903144709126 0.03810848157715883 8.132366097133624e-05 -6.018769160916912e-05 -1.251585565299179e-07 3.484096383229681e-08 -0.4446296384488926 -6.732420176902565e-12 1.0079760204909877e+57 5.173288536921133e+28 7.121712664624788e+28 
-0.015454833605679896 -0.7989905383706064 0.9585406104006933 0.04933903144709126 0.096282685817487 8.132366097133624e-05 -0.2430923901813058 -1.251585565299179e-07 3.484096383229681e-08 -0.5279771278831633 -6.732420176902565e-12 2.004090557896339e+57 7.2945904146877085e+28 1.0041955851218715e+29 
0.0 0.1240317450077846 -6.211941063144333 0.04933903144709126 0.03810848157715883 8.132366097133624e-05 -6.018769160916912e-05 -1.251585565299179e-07 3.484096383229681e-08 -0.6096392375553705 -6.732420176902565e-12 3.562445344721504e+57 9.725584384726077e+28 1.3388547147474077e+29 
-0.8073888079682359 -0.4024271034330469 -6.211941063144333 0.04933903144709126 0.03810848157715883 8.132366097133624e-05 -6.018769160916912e-05 -1.251585565299179e-07 0.7193173230424703 0.6956647255253332 -6.732420176902565e-12 6.0044313095795954e+57 1.2795759849433735e+29 1.7488276261302247e+29 
0.8865617437021514 0.10839627629520332 -0.7632348535085358 0.04933903144709126 0.03810848157715883 8.132366097133624e-05 -6.018769160916912e-05 -1.251585565299179e-07 3.484096383229681e-08 -0.7766989587725355 -6.732420176902565e-12 9.385717036124062e+57 1.578611745311132e+29 2.173166870344375e+29 
0.2659658253929582 -0.1780107408993412 0.05572513477766372 0.04933903144709126 0.03810848157715883 8.132366097133624e-05 -6.018769160916912e-05 -1.251585565299179e-07 3.484096383229681e-08 0.8514898324422775 -6.732420176902565e-12 1.3557338220733237e+58 1.8972685892526145e+29 2.6118399629385004e+29 
0.8865617437021514 -0.9433418110645346 -6.211941063144333 0.13569525935766125 0.3343983448651726 8.132366097133624e-05 -6.018769160916912e-05 -1.251585565299179e-07 3.484096383229681e-08 -0.9236712296738752 -6.732420176902565e-12 1.877267798613353e+58 2.2325681082273993e+29 3.073423888481223e+29 
-0.9872769751405297 0.6742401658286554 -6.211941063144333 0.04933903144709126 0.03810848157715883 8.132366097133624e-05 -6.018769160916912e-05 -1.251585565299179e-07 3.484096383229681e-08 4.1614924993407104e-11 -0.497107578442068 7.522016125577774e+63 1.3999100735266849e+32 1.937231453508482e+32 
0.0 0.03319927920494936 -6.211941063144333 -0.9637867972500052 0.03810848157715883 8.132366097133624e-05 -6.018769160916912e-05 -1.251585565299179e-07 3.484096383229681e-08 4.1614924993407104e-11 0.6517353148589216 2.2223770372598606e+64 2.4062562735069363e+32 3.329839127805707e+32 
-0.654927485349686 -0.6307925574077664 0.6356175173960799 0.7158155843751228 0.03810848157715883 8.132366097133624e-05 -6.018769160916912e-05 -1.251585565299179e-07 3.484096383229681e-08 4.1614924993407104e-11 0.691627453557649 2.8185232363244273e+64 2.709841056149904e+32 3.749947533955262e+32 
0.8865617437021514 0.1240317450077846 -6.211941063144333 -0.9227611623450338 0.03810848157715883 8.132366097133624e-05 -6.018769160916912e-05 -1.251585565299179e-07 3.484096383229681e-08 4.1614924993407104e-11 0.8655607687978326 6.913898187297147e+64 4.244186880564799e+32 5.873214626481839e+32 
0.8865617437021514 0.33780718121111253 -6.211941063144333 0.04933903144709126 0.03810848157715883 8.132366097133624e-05 -6.018769160916912e-05 -1.251585565299179e-07 3.484096383229681e-08 4.1614924993407104e-11 0.9367184086447093 9.483506468076196e+64 4.970699179438703e+32 6.87858097347378e+32 
