0.8865617437021514 -0.4954305720761618 -6.211941063144333 0.04933903144709126 0.03810848157715883 8.132366097133624e-05 -6.018769160916912e-05 -1.251585565299179e-07 3.484096383229681e-08 4.1614924993407104e-11 -6.732420176902565e-12 9.932602771900067e+17 79552.91214784243 3613039.8691323437 
0.9956166589288677 -0.2652774855304536 -6.211941063144333 0.04933903144709126 0.03810848157715883 8.132366097133624e-05 -6.018769160916912e-05 -1.251585565299179e-07 3.484096383229681e-08 4.1614924993407104e-11 -6.732420176902565e-12 9.933195589218831e+17 79355.83855981723 3617333.210120936 
0.9956166589288677 -0.2652774855304536 -6.211941063144333 0.04933903144709126 0.03810848157715883 8.132366097133624e-05 -6.018769160916912e-05 -1.251585565299179e-07 3.484096383229681e-08 4.1614924993407104e-11 -6.732420176902565e-12 9.933195589218831e+17 79355.83855981723 3617333.210120936 
0.9956166589288677 -0.2652774855304536 -6.211941063144333 0.04933903144709126 0.03810848157715883 8.132366097133624e-05 -6.018769160916912e-05 -1.251585565299179e-07 3.484096383229681e-08 4.1614924993407104e-11 -6.732420176902565e-12 9.933195589218831e+17 79355.83855981723 3617333.210120936 
0.9956166589288677 -0.6741506894679385 -6.211941063144333 0.04933903144709126 0.03810848157715883 8.132366097133624e-05 -6.018769160916912e-05 -1.251585565299179e-07 3.484096383229681e-08 4.1614924993407104e-11 -6.732420176902565e-12 9.933238866817052e+17 79718.63877037707 3609643.8367064097 
0.853239018012877 -0.4954305720761618 -6.211941063144333 0.04933903144709126 0.03810848157715883 8.132366097133624e-05 -6.018769160916912e-05 -1.251585565299179e-07 3.484096383229681e-08 4.1614924993407104e-11 -6.732420176902565e-12 9.933845488747631e+17 79562.1174185985 3613065.684016661 
0.9428274707735094 -0.2652774855304536 -6.211941063144333 0.04933903144709126 0.03810848157715883 8.132366097133624e-05 -6.018769160916912e-05 -1.251585565299179e-07 3.484096383229681e-08 4.1614924993407104e-11 -6.732420176902565e-12 9.935171309067325e+17 79370.45053365156 3617373.942356373 
0.8865617437021514 -0.3032723889925528 -6.211941063144333 0.04933903144709126 0.03810848157715883 8.132366097133624e-05 -6.018769160916912e-05 -1.251585565299179e-07 3.484096383229681e-08 4.1614924993407104e-11 -6.732420176902565e-12 9.935671676725295e+17 79406.96777459534 3616685.9183161957 
0.8865617437021514 -0.3032723889925528 -6.211941063144333 0.04933903144709126 0.03810848157715883 8.132366097133624e-05 -6.018769160916912e-05 -1.251585565299179e-07 3.484096383229681e-08 4.1614924993407104e-11 -6.732420176902565e-12 9.935671676725295e+17 79406.96777459534 3616685.9183161957 
0.8865617437021514 -0.3032723889925528 -6.211941063144333 0.04933903144709126 0.03810848157715883 8.132366097133624e-05 -6.018769160916912e-05 -1.251585565299179e-07 3.484096383229681e-08 4.1614924993407104e-11 -6.732420176902565e-12 9.935671676725295e+17 79406.96777459534 3616685.9183161957 
0.8502318365819095 -0.3032723889925528 -6.211941063144333 0.04933903144709126 0.03810848157715883 8.132366097133624e-05 -6.018769160916912e-05 -1.251585565299179e-07 3.484096383229681e-08 4.1614924993407104e-11 -6.732420176902565e-12 9.937031399596554e+17 79417.02666281554 3616713.975214039 
0.8865617437021514 -0.2652774855304536 -6.211941063144333 0.04933903144709126 0.03810848157715883 8.132366097133624e-05 -6.018769160916912e-05 -1.251585565299179e-07 3.484096383229681e-08 4.1614924993407104e-11 -6.732420176902565e-12 9.937277972697018e+17 79386.0309446695 3617417.3632316226 
0.8865617437021514 -0.2652774855304536 -6.211941063144333 0.04933903144709126 0.03810848157715883 8.132366097133624e-05 -6.018769160916912e-05 -1.251585565299179e-07 3.484096383229681e-08 4.1614924993407104e-11 -6.732420176902565e-12 9.937277972697018e+17 79386.0309446695 3617417.3632316226 
0.9956166589288677 -0.781023353953916 -6.211941063144333 0.04933903144709126 0.03810848157715883 8.132366097133624e-05 -6.018769160916912e-05 -1.251585565299179e-07 3.484096383229681e-08 4.1614924993407104e-11 -6.732420176902565e-12 9.939504788700545e+17 79863.39214376011 3607700.282738039 
0.9956166589288677 -0.824211092075193 -6.211941063144333 0.04933903144709126 0.03810848157715883 8.132366097133624e-05 -6.018769160916912e-05 -1.251585565299179e-07 3.484096383229681e-08 4.1614924993407104e-11 -6.732420176902565e-12 9.942767811808232e+17 79927.75752231371 3606922.681389411 
0.6354040771617109 -0.3032723889925528 -6.211941063144333 0.04933903144709126 0.03810848157715883 8.132366097133624e-05 -6.018769160916912e-05 -1.251585565299179e-07 3.484096383229681e-08 4.1614924993407104e-11 -6.732420176902565e-12 9.945079064168462e+17 79476.56132154225 3616879.93657148 
0.43400817762327804 -0.2977200459643683 -6.211941063144333 0.04933903144709126 0.03810848157715883 8.132366097133624e-05 -6.018769160916912e-05 -1.251585565299179e-07 3.484096383229681e-08 4.1614924993407104e-11 -6.732420176902565e-12 9.952850745215265e+17 79529.24293837942 3617142.2457821695 
0.8865617437021514 -0.9872334803533356 -6.211941063144333 0.04933903144709126 0.03810848157715883 8.132366097133624e-05 -6.018769160916912e-05 -1.251585565299179e-07 3.484096383229681e-08 4.1614924993407104e-11 -6.732420176902565e-12 9.962892899760852e+17 80231.10338240136 3604113.0313355243 
-0.2911409673865084 -0.2652774855304536 -6.211941063144333 0.04933903144709126 0.03810848157715883 8.132366097133624e-05 -6.018769160916912e-05 -1.251585565299179e-07 3.484096383229681e-08 4.1614924993407104e-11 -6.732420176902565e-12 9.981569073842831e+17 79713.59909868044 3618327.662507338 
-0.347554649952426 -0.2652774855304536 -6.211941063144333 0.04933903144709126 0.03810848157715883 8.132366097133624e-05 -6.018769160916912e-05 -1.251585565299179e-07 3.484096383229681e-08 4.1614924993407104e-11 -6.732420176902565e-12 9.98370009196139e+17 79729.35971346195 3618371.336795211 
0.8865617437021514 0.4859627661897443 -6.211941063144333 0.04933903144709126 0.03810848157715883 8.132366097133624e-05 -6.018769160916912e-05 -1.251585565299179e-07 3.484096383229681e-08 4.1614924993407104e-11 -6.732420176902565e-12 1.0037548603262275e+18 79509.08119714913 3632592.9850533893 
0.8865617437021514 -0.6646706434479972 -0.47138623395378043 0.04933903144709126 0.03810848157715883 8.132366097133624e-05 -6.018769160916912e-05 -1.251585565299179e-07 3.484096383229681e-08 4.1614924993407104e-11 -6.732420176902565e-12 1.2454460533984188e+21 50284408.73237152 55261158.28932716 
0.9956166589288677 -0.6741506894679385 0.4952838193034461 0.04933903144709126 0.03810848157715883 8.132366097133624e-05 -6.018769160916912e-05 -1.251585565299179e-07 3.484096383229681e-08 4.1614924993407104e-11 -6.732420176902565e-12 4.969290551976162e+21 68899997.61415866 77392537.43270983 
0.7355684281585295 -0.2652774855304536 0.4952838193034461 0.04933903144709126 0.03810848157715883 8.132366097133624e-05 -6.018769160916912e-05 -1.251585565299179e-07 3.484096383229681e-08 4.1614924993407104e-11 -6.732420176902565e-12 5.112861139810786e+21 68886205.86009106 77501415.82630134 
0.8865617437021514 -0.2652774855304536 0.4952838193034461 0.04933903144709126 0.03810848157715883 8.132366097133624e-05 -6.018769160916912e-05 -1.251585565299179e-07 3.484096383229681e-08 4.1614924993407104e-11 -6.732420176902565e-12 5.113620749161146e+21 68887998.58027327 77503736.38763663 
0.4630905987491267 0.9534340834044186 0.4952838193034461 0.04933903144709126 0.03810848157715883 8.132366097133624e-05 -6.018769160916912e-05 -1.251585565299179e-07 3.484096383229681e-08 4.1614924993407104e-11 -6.732420176902565e-12 5.556261451724239e+21 68852863.97720465 77836048.73320284 
0.6354040771617109 -0.03894327344402293 0.7000182777121391 0.04933903144709126 0.03810848157715883 8.132366097133624e-05 -6.018769160916912e-05 -1.251585565299179e-07 3.484096383229681e-08 4.1614924993407104e-11 -6.732420176902565e-12 6.682654048746626e+21 73196787.99724416 82751739.28951177 
0.17577395489471792 0.859311019104898 0.9030287590710011 0.04933903144709126 0.03810848157715883 8.132366097133624e-05 -6.018769160916912e-05 -1.251585565299179e-07 3.484096383229681e-08 4.1614924993407104e-11 -6.732420176902565e-12 8.959690067726051e+21 77578449.77542903 88325170.05322888 
0.43400817762327804 0.8051449548902767 0.4952838193034461 -0.29967165392558237 0.03810848157715883 8.132366097133624e-05 -6.018769160916912e-05 -1.251585565299179e-07 3.484096383229681e-08 4.1614924993407104e-11 -6.732420176902565e-12 1.6958215268289296e+24 432102287.97666276 369455791.34973013 
0.8865617437021514 -0.3032723889925528 0.4952838193034461 -0.29967165392558237 0.03810848157715883 8.132366097133624e-05 -6.018769160916912e-05 -1.251585565299179e-07 3.484096383229681e-08 4.1614924993407104e-11 -6.732420176902565e-12 1.6979856635941727e+24 433348212.4883444 370751935.33144146 
0.7810462554172415 0.859311019104898 -6.211941063144333 -0.29967165392558237 0.03810848157715883 8.132366097133624e-05 -6.018769160916912e-05 -1.251585565299179e-07 3.484096383229681e-08 4.1614924993407104e-11 -6.732420176902565e-12 3.870428335667256e+24 366411179.4683981 469187995.0243514 
0.43400817762327804 -0.006111011737588212 -0.637965323428368 0.3441042809326662 0.03810848157715883 8.132366097133624e-05 -6.018769160916912e-05 -1.251585565299179e-07 3.484096383229681e-08 4.1614924993407104e-11 -6.732420176902565e-12 1.7725476654663356e+25 311585227.8710776 550097391.144171 
0.8865617437021514 -0.6741506894679385 0.9030287590710011 0.36723847746402183 0.03810848157715883 8.132366097133624e-05 -6.018769160916912e-05 -1.251585565299179e-07 3.484096383229681e-08 4.1614924993407104e-11 -6.732420176902565e-12 3.5959702655296595e+25 384765834.70906955 690475940.2888315 
0.853239018012877 0.31798878535672714 -6.211941063144333 -0.5748755259321303 0.03810848157715883 8.132366097133624e-05 -6.018769160916912e-05 -1.251585565299179e-07 3.484096383229681e-08 4.1614924993407104e-11 -6.732420176902565e-12 1.5271816521827379e+26 1174341878.542049 1534960438.2820122 
0.43400817762327804 -0.14530426666003393 -6.211941063144333 0.8752706165613242 0.03810848157715883 8.132366097133624e-05 -6.018769160916912e-05 -1.251585565299179e-07 3.484096383229681e-08 4.1614924993407104e-11 -6.732420176902565e-12 1.2534285422854618e+27 2056805452.9645438 2837449734.0500193 
-0.752486680924719 -0.14530426666003393 -0.9000422052679486 0.8803023056868013 0.03810848157715883 8.132366097133624e-05 -6.018769160916912e-05 -1.251585565299179e-07 3.484096383229681e-08 4.1614924993407104e-11 -6.732420176902565e-12 2.6352637980881685e+27 2130736805.448913 3242845264.3732758 
0.43400817762327804 -0.6741506894679385 0.7000182777121391 0.1632209096151036 0.23935936375111955 8.132366097133624e-05 -6.018769160916912e-05 -1.251585565299179e-07 3.484096383229681e-08 4.1614924993407104e-11 -6.732420176902565e-12 2.251794807900531e+33 255178688584.3797 349116882515.71466 
0.9956166589288677 -0.01495140136250761 -0.3912650410321301 0.6280324037478766 -0.2752107951617908 8.132366097133624e-05 -6.018769160916912e-05 -1.251585565299179e-07 3.484096383229681e-08 4.1614924993407104e-11 -6.732420176902565e-12 2.2276509353199295e+34 584066488619.8998 779362073571.5325 
0.15044548787221723 -0.2652774855304536 0.47959641257578745 -0.29967165392558237 0.3734979276491224 8.132366097133624e-05 -6.018769160916912e-05 -1.251585565299179e-07 3.484096383229681e-08 4.1614924993407104e-11 -6.732420176902565e-12 3.942435867879673e+34 695919077488.8147 933933321128.8942 
-0.3294565216773788 -0.3032723889925528 0.36472038688392816 0.7732930080321223 -0.3313399720286332 8.132366097133624e-05 -6.018769160916912e-05 -1.251585565299179e-07 3.484096383229681e-08 4.1614924993407104e-11 -6.732420176902565e-12 5.908728346509011e+34 812580363678.4495 1082238699687.4016 
-0.4911513099832916 -0.2652774855304536 -6.211941063144333 0.04933903144709126 0.4371354115602699 8.132366097133624e-05 -6.018769160916912e-05 -1.251585565299179e-07 3.484096383229681e-08 4.1614924993407104e-11 -6.732420176902565e-12 1.1844018012418993e+35 968297738142.7283 1318037549059.623 
0.8036231048916629 -0.2652774855304536 0.4952838193034461 0.04933903144709126 0.5790364724599966 8.132366097133624e-05 -6.018769160916912e-05 -1.251585565299179e-07 3.484096383229681e-08 4.1614924993407104e-11 -6.732420176902565e-12 7.646406712811343e+35 1801477131932.2664 2452976982531.9287 
-0.5337250004797078 -0.824211092075193 -6.211941063144333 0.04933903144709126 0.6226158813981371 8.132366097133624e-05 -6.018769160916912e-05 -1.251585565299179e-07 3.484096383229681e-08 4.1614924993407104e-11 -6.732420176902565e-12 1.1754132774413687e+36 2077827771499.821 2829953634464.462 
-0.7973318342074258 -0.4954305720761618 -0.16066366229078155 -0.7499896517051583 0.7066073027526982 8.132366097133624e-05 -6.018769160916912e-05 -1.251585565299179e-07 3.484096383229681e-08 4.1614924993407104e-11 -6.732420176902565e-12 2.3763750371334998e+36 2734712567268.272 3666896574081.784 
0.6354040771617109 0.7778403919285208 -6.211941063144333 0.04933903144709126 0.7066073027526982 8.132366097133624e-05 -6.018769160916912e-05 -1.251585565299179e-07 3.484096383229681e-08 4.1614924993407104e-11 -6.732420176902565e-12 2.6343061633382093e+36 2717929811452.581 3702425923526.9404 
-0.5337250004797078 -0.2652774855304536 -6.211941063144333 0.1977724073842264 0.7287844910414116 8.132366097133624e-05 -6.018769160916912e-05 -1.251585565299179e-07 3.484096383229681e-08 4.1614924993407104e-11 -6.732420176902565e-12 3.2787360746879564e+36 2903165725576.145 3965881961178.6665 
-0.752486680924719 -0.2652774855304536 -0.2784452886487845 0.04933903144709126 0.731138675755642 8.132366097133624e-05 -6.018769160916912e-05 -1.251585565299179e-07 3.484096383229681e-08 4.1614924993407104e-11 -6.732420176902565e-12 3.3524274945825467e+36 2945925558732.831 4012690692485.6587 
-0.752486680924719 -0.14530426666003393 -6.211941063144333 0.8752706165613242 0.03810848157715883 0.07386071998640786 -6.018769160916912e-05 -1.251585565299179e-07 3.484096383229681e-08 4.1614924993407104e-11 -6.732420176902565e-12 4.585015124082415e+40 69351272509005.54 95063705279190.44 
0.8865617437021514 -0.824211092075193 -6.211941063144333 0.04933903144709126 0.03810848157715883 -0.08147338441326935 -6.018769160916912e-05 -1.251585565299179e-07 3.484096383229681e-08 4.1614924993407104e-11 -6.732420176902565e-12 8.082425048743952e+40 83831170151027.33 114881633037693.4 
0.8865617437021514 -0.3032723889925528 0.36472038688392816 0.7732930080321223 -0.3313399720286332 -0.30538545479768664 -6.018769160916912e-05 -1.251585565299179e-07 3.484096383229681e-08 4.1614924993407104e-11 -6.732420176902565e-12 2.4273808946641184e+44 1181188790538440.0 1634513410629603.2 
0.8865617437021514 -0.6741506894679385 -0.5902350272304762 0.04933903144709126 0.03810848157715883 -0.33579095419338856 -6.018769160916912e-05 -1.251585565299179e-07 3.484096383229681e-08 4.1614924993407104e-11 -6.732420176902565e-12 3.943589867482835e+44 1421816117875175.5 1948468623173070.8 
0.853239018012877 -0.4954305720761618 -6.211941063144333 0.04933903144709126 0.03810848157715883 0.3469711540665257 -6.018769160916912e-05 -1.251585565299179e-07 3.484096383229681e-08 4.1614924993407104e-11 -6.732420176902565e-12 4.792838994028708e+44 1516658014672440.5 2078808497173354.8 
0.8865617437021514 -0.2652774855304536 -0.3912650410321301 0.36723847746402183 0.03810848157715883 -0.5592473661163728 -6.018769160916912e-05 -1.251585565299179e-07 3.484096383229681e-08 4.1614924993407104e-11 -6.732420176902565e-12 8.400942895438146e+45 3940892386155308.0 5400939023646735.0 
0.8502318365819095 -0.2652774855304536 -6.211941063144333 -0.5267711154696959 0.03810848157715883 0.636478286275479 -6.018769160916912e-05 -1.251585565299179e-07 3.484096383229681e-08 4.1614924993407104e-11 -6.732420176902565e-12 1.822367426195529e+46 5100132227833537.0 6990417079722131.0 
0.7810462554172415 -0.8952228370937028 0.4952838193034461 -0.29967165392558237 0.03810848157715883 -0.7533177437055951 -6.018769160916912e-05 -1.251585565299179e-07 3.484096383229681e-08 4.1614924993407104e-11 -6.732420176902565e-12 5.032790352171111e+46 7157214579324197.0 9808963500619204.0 
0.8502318365819095 -0.2652774855304536 -6.211941063144333 0.04933903144709126 0.03810848157715883 -0.8289006986047305 -6.018769160916912e-05 -1.251585565299179e-07 3.484096383229681e-08 4.1614924993407104e-11 -6.732420176902565e-12 8.923852632811836e+46 8661542859681406.0 1.1871347241086592e+16 
0.9428274707735094 -0.2652774855304536 -0.12547831292797085 0.04933903144709126 0.03810848157715883 0.8420524323104284 -6.018769160916912e-05 -1.251585565299179e-07 3.484096383229681e-08 4.1614924993407104e-11 -6.732420176902565e-12 9.802063949444308e+46 8935187473499066.0 1.2247314094043658e+16 
0.8502318365819095 -0.1475254966494981 0.37537803048730756 0.04933903144709126 0.17668055242892944 8.132366097133624e-05 -0.030407806496499434 -1.251585565299179e-07 3.484096383229681e-08 4.1614924993407104e-11 -6.732420176902565e-12 1.994625971906726e+48 2.434851691751649e+16 3.339947342986383e+16 
0.8502318365819095 0.17813718550487434 -6.211941063144333 0.04933903144709126 0.03810848157715883 8.132366097133624e-05 -0.030407806496499434 -1.251585565299179e-07 3.484096383229681e-08 4.1614924993407104e-11 -6.732420176902565e-12 2.021303154805679e+48 2.4456833510857076e+16 3.35479163129038e+16 
-0.5337250004797078 -0.2652774855304536 -6.211941063144333 0.04933903144709126 0.03810848157715883 -0.7564022366809273 -0.030407806496499434 -1.251585565299179e-07 3.484096383229681e-08 4.1614924993407104e-11 -6.732420176902565e-12 9.557960894827761e+48 3.5632013868821496e+16 5.201007320920653e+16 
0.15044548787221723 -0.006111011737588212 0.4952838193034461 -0.29967165392558237 -0.2551138877164454 8.132366097133624e-05 -0.059544403484707686 -1.251585565299179e-07 3.484096383229681e-08 4.1614924993407104e-11 -6.732420176902565e-12 1.1624543133656245e+50 9.439906227144093e+16 1.2949073792245346e+17 
0.43400817762327804 -0.006111011737588212 -0.20243186602525753 0.04933903144709126 0.6022389291904775 8.132366097133624e-05 0.15848094717040317 -1.251585565299179e-07 3.484096383229681e-08 4.1614924993407104e-11 -6.732420176902565e-12 4.1504737329073214e+52 6.697421043911327e+17 9.1868230411361e+17 
-0.9989159250816231 -0.2652774855304536 -6.211941063144333 0.04933903144709126 0.03810848157715883 8.132366097133624e-05 -0.3130542332054813 -1.251585565299179e-07 3.484096383229681e-08 4.1614924993407104e-11 -6.732420176902565e-12 2.4325593467970888e+54 2.601493400771365e+18 3.56847978272445e+18 
-0.5337250004797078 -0.2652774855304536 -6.211941063144333 0.04933903144709126 0.03810848157715883 0.007149330342881122 0.3461201601520003 -1.251585565299179e-07 3.484096383229681e-08 4.1614924993407104e-11 -6.732420176902565e-12 4.4573097305129876e+54 3.182826941474411e+18 4.3662223882821806e+18 
-0.752486680924719 0.9534340834044186 -0.20243186602525753 0.04933903144709126 0.03810848157715883 8.132366097133624e-05 -6.018769160916912e-05 0.04309107179185023 3.484096383229681e-08 4.1614924993407104e-11 -6.732420176902565e-12 1.5985456420885685e+59 1.0501792618617233e+20 1.4403285343981933e+20 
-0.11183770620056288 -0.3032723889925528 -6.211941063144333 0.297866384798974 0.03810848157715883 8.132366097133624e-05 -6.018769160916912e-05 -0.09560220933552466 3.484096383229681e-08 4.1614924993407104e-11 -6.732420176902565e-12 1.906314671715713e+61 5.169165919405261e+20 7.08954540959773e+20 
-0.7323807678626706 0.17813718550487434 0.4952838193034461 -0.29967165392558237 0.7066073027526982 8.132366097133624e-05 -6.018769160916912e-05 0.17520160646536853 3.484096383229681e-08 4.1614924993407104e-11 -6.732420176902565e-12 7.222017563684185e+62 1.7360720021212048e+21 2.381050748091552e+21 
0.8865617437021514 -0.9872334803533356 -6.211941063144333 0.04933903144709126 0.03810848157715883 8.132366097133624e-05 -6.018769160916912e-05 -0.29233280680530616 3.484096383229681e-08 4.1614924993407104e-11 -6.732420176902565e-12 1.5583188152995258e+64 4.833269322455634e+21 6.628861312073614e+21 
-0.9989159250816231 0.760138095690976 -6.211941063144333 0.04933903144709126 0.03810848157715883 8.132366097133624e-05 -6.018769160916912e-05 0.40545359412840454 3.484096383229681e-08 4.1614924993407104e-11 -6.732420176902565e-12 1.109276857852524e+65 9.29755661953595e+21 1.2751661818905423e+22 
0.6299526464922933 -0.2652774855304536 -6.211941063144333 0.04933903144709126 0.03810848157715883 8.132366097133624e-05 0.7046046506235886 -0.6114162478933938 3.484096383229681e-08 4.1614924993407104e-11 -6.732420176902565e-12 1.2743002261886216e+66 2.096753038351225e+22 2.8763358220404574e+22 
0.9956166589288677 -0.01495140136250761 -6.211941063144333 0.04933903144709126 0.03810848157715883 8.132366097133624e-05 -6.018769160916912e-05 -0.6635301440681525 3.484096383229681e-08 4.1614924993407104e-11 -6.732420176902565e-12 2.130863286022317e+66 2.4900462045176973e+22 3.415115125512516e+22 
-0.752486680924719 0.9534340834044186 -6.211941063144333 0.04933903144709126 0.21428605226134323 8.132366097133624e-05 -6.018769160916912e-05 0.6787173335023866 3.484096383229681e-08 4.1614924993407104e-11 -6.732420176902565e-12 2.4407810555293382e+66 2.6053413957448946e+22 3.5732449662448555e+22 
-0.8051005552594825 -0.3032723889925528 0.48680203765590857 0.04933903144709126 0.03810848157715883 8.132366097133624e-05 -6.018769160916912e-05 -0.7971111036537604 3.484096383229681e-08 4.1614924993407104e-11 -6.732420176902565e-12 6.404788919910642e+66 3.593551157223222e+22 4.928579527419417e+22 
0.8865617437021514 -0.3032723889925528 -6.211941063144333 0.04933903144709126 0.03810848157715883 0.8857036029137484 -6.018769160916912e-05 -0.6889529896394988 0.15354817494505046 4.1614924993407104e-11 -6.732420176902565e-12 3.3627252396368768e+72 2.775609618846475e+24 3.876303367337738e+24 
0.8502318365819095 -0.2977200459643683 -6.211941063144333 0.04933903144709126 0.03810848157715883 8.132366097133624e-05 -6.018769160916912e-05 -1.251585565299179e-07 0.1576146528271789 4.1614924993407104e-11 -6.732420176902565e-12 3.804645869775496e+72 3.0143628825618737e+24 4.1378273805468363e+24 
0.8865617437021514 -0.2652774855304536 -6.211941063144333 0.7732930080321223 0.03810848157715883 8.132366097133624e-05 -6.018769160916912e-05 -1.251585565299179e-07 0.16594096843879313 4.1614924993407104e-11 -6.732420176902565e-12 5.181511565271555e+72 3.341254887177878e+24 4.5865532938373826e+24 
-0.8275599839723249 -0.2652774855304536 -6.211941063144333 0.8972533895489345 0.03810848157715883 0.14775366600734663 -6.018769160916912e-05 -1.251585565299179e-07 0.4700293939458582 4.1614924993407104e-11 -6.732420176902565e-12 2.6760029430590457e+75 2.6807296035708948e+25 3.679847614978031e+25 
0.8502318365819095 -0.3032723889925528 -6.211941063144333 0.04933903144709126 0.03810848157715883 8.132366097133624e-05 -6.018769160916912e-05 -1.251585565299179e-07 -0.4894003123953887 4.1614924993407104e-11 -6.732420176902565e-12 3.4097373058204153e+75 2.9062374336409955e+25 3.989403172092527e+25 
0.9956166589288677 -0.2652774855304536 -0.3912650410321301 0.36723847746402183 -0.2752107951617908 -0.8839345260189222 -6.018769160916912e-05 -1.251585565299179e-07 -0.7909779221209783 0.08125685219639012 -6.732420176902565e-12 1.0021296054924635e+81 1.6424842687306083e+27 2.423592720331192e+27 
0.8865617437021514 -0.6741506894679385 0.7000182777121391 0.1632209096151036 0.03810848157715883 8.132366097133624e-05 -6.018769160916912e-05 -1.251585565299179e-07 3.484096383229681e-08 -0.19552306124594376 -6.732420176902565e-12 1.4201400513692447e+83 1.0003819806304968e+28 1.3771574830864567e+28 
0.8865617437021514 -0.2652774855304536 -6.211941063144333 0.04933903144709126 0.03810848157715883 8.132366097133624e-05 -6.018769160916912e-05 -1.251585565299179e-07 3.484096383229681e-08 -0.24309575586673526 -6.732420176902565e-12 5.24574900169246e+83 1.5464099569907421e+28 2.128836869774657e+28 
-0.5337250004797078 -0.2652774855304536 -6.211941063144333 0.04933903144709126 0.7287844910414116 8.132366097133624e-05 0.6473964141445374 -1.251585565299179e-07 3.484096383229681e-08 0.5462856565643324 -6.732420176902565e-12 6.755565401400032e+85 7.809290243674444e+28 1.0750493710706806e+29 
-0.9989159250816231 0.17813718550487434 -6.211941063144333 -0.7499896517051583 0.38253265184845286 8.132366097133624e-05 -6.018769160916912e-05 -1.251585565299179e-07 3.484096383229681e-08 -0.6842124522343056 -6.732420176902565e-12 2.6078889148947584e+86 1.2250444051922074e+29 1.68643488434525e+29 
0.9956166589288677 -0.2652774855304536 0.4952838193034461 0.04933903144709126 0.03810848157715883 8.132366097133624e-05 -6.018769160916912e-05 -1.251585565299179e-07 3.484096383229681e-08 0.7170906619472492 -6.732420176902565e-12 3.456110731464404e+86 1.34560631912755e+29 1.8524042292134304e+29 
0.3302908945903391 -0.3032723889925528 -6.211941063144333 0.04933903144709126 0.03810848157715883 8.132366097133624e-05 -0.9547476603918816 -1.251585565299179e-07 3.484096383229681e-08 -0.7284311002327719 -6.732420176902565e-12 3.797289925683687e+86 1.388510435053464e+29 1.9114630085854046e+29 
-0.752486680924719 -0.45039856897467745 -0.20243186602525753 0.8650765169140826 0.6022389291904775 8.132366097133624e-05 -6.018769160916912e-05 -1.251585565299179e-07 3.484096383229681e-08 0.7307975828909412 -6.732420176902565e-12 3.8719154159943266e+86 1.3975394913835214e+29 1.9238970770543175e+29 
0.7045693948732197 -0.3032723889925528 -6.211941063144333 0.04933903144709126 0.03810848157715883 8.132366097133624e-05 -6.018769160916912e-05 -1.251585565299179e-07 3.484096383229681e-08 -0.8355703345830492 -6.732420176902565e-12 8.65050223408312e+86 1.826988902364109e+29 2.5150907225346915e+29 
0.43400817762327804 0.17813718550487434 -6.211941063144333 0.04933903144709126 0.03810848157715883 8.132366097133624e-05 -6.018769160916912e-05 -1.251585565299179e-07 3.484096383229681e-08 0.9262812204463535 -6.732420176902565e-12 1.6054633696696006e+87 2.245202939602392e+29 3.0908173970519692e+29 
0.853239018012877 -0.2977200459643683 0.8077146637730939 0.04933903144709126 0.03810848157715883 0.636478286275479 -6.018769160916912e-05 -1.251585565299179e-07 3.484096383229681e-08 0.9545350291862911 -6.732420176902565e-12 1.9226261356550064e+87 2.3842607539512707e+29 3.282248780076483e+29 
0.7818378379899931 -0.2652774855304536 -0.2784452886487845 -0.6448273271472433 0.9648884490887559 8.132366097133624e-05 -6.018769160916912e-05 -1.251585565299179e-07 3.484096383229681e-08 0.9774528778990272 -6.732420176902565e-12 2.2167576992922314e+87 2.5001239685170753e+29 3.4417497501260735e+29 
-0.30584566936664426 -0.9872334803533356 -6.211941063144333 0.04933903144709126 0.07355097957518231 -0.08147338441326935 -6.018769160916912e-05 -1.251585565299179e-07 3.484096383229681e-08 4.1614924993407104e-11 -0.0832954387389857 8.945268841598215e+90 3.930445796442953e+30 5.439051665613439e+30 
-0.9004855430718954 -0.2652774855304536 -6.211941063144333 0.7999118120426143 0.03810848157715883 8.132366097133624e-05 -0.8823645816037278 -1.251585565299179e-07 3.484096383229681e-08 4.1614924993407104e-11 -0.1737892453487575 7.379148330562083e+92 1.7109846362423551e+31 2.367704367976592e+31 
0.43400817762327804 -0.2652774855304536 0.7000182777121391 0.04933903144709126 0.03810848157715883 8.132366097133624e-05 -6.018769160916912e-05 -1.251585565299179e-07 3.484096383229681e-08 4.1614924993407104e-11 0.46641472374797943 2.757398835752206e+95 1.232377821964947e+32 1.70539602826166e+32 
0.43400817762327804 -0.006111011737588212 0.4952838193034461 0.04933903144709126 0.03810848157715883 8.132366097133624e-05 -0.5589733899800404 -1.251585565299179e-07 3.484096383229681e-08 4.1614924993407104e-11 0.7596412863442226 5.146559970727932e+96 3.269010795256587e+32 4.5237409675296636e+32 
0.9956166589288677 -0.2652774855304536 -6.211941063144333 0.3441042809326662 0.03810848157715883 8.132366097133624e-05 -6.018769160916912e-05 -1.251585565299179e-07 3.484096383229681e-08 4.1614924993407104e-11 -0.76569522060612 5.397612402028092e+96 3.3213239955256246e+32 4.5961333039166376e+32 
-0.7973318342074258 0.0702702324283282 -6.211941063144333 -0.7499896517051583 0.03810848157715883 0.8420524323104284 0.13693093312876337 -1.251585565299179e-07 3.484096383229681e-08 4.1614924993407104e-11 0.8624462322555158 1.1021947540504486e+97 4.213698517659021e+32 5.8310240403478525e+32 
-0.8275599839723249 -0.3032723889925528 0.4952838193034461 0.04933903144709126 0.03810848157715883 8.132366097133624e-05 0.3699165427357274 -1.251585565299179e-07 3.484096383229681e-08 4.1614924993407104e-11 -0.8947243779569987 1.3740466373608178e+97 4.5350056714577055e+32 6.275657134862893e+32 
-0.9989159250816231 -0.2652774855304536 -6.211941063144333 0.04933903144709126 0.03810848157715883 8.132366097133624e-05 -6.018769160916912e-05 -1.251585565299179e-07 3.484096383229681e-08 4.1614924993407104e-11 -0.898750035061364 1.4115608329792662e+97 4.575907230813315e+32 6.3322577524825575e+32 
-0.6102783963193805 -0.2652774855304536 0.4952838193034461 -0.3443422220163117 0.03810848157715883 8.132366097133624e-05 -6.018769160916912e-05 -1.251585565299179e-07 3.484096383229681e-08 4.1614924993407104e-11 -0.9137923139729072 1.5593768491908439e+97 4.730361945666744e+32 6.54599614712306e+32 
-0.9989159250816231 -0.3032723889925528 -0.8454949779013574 -0.942444368492251 0.03810848157715883 8.132366097133624e-05 -6.018769160916912e-05 -1.251585565299179e-07 3.484096383229681e-08 4.1614924993407104e-11 0.9263194527450991 1.6921185382846414e+97 4.8609475977217756e+32 6.72670392065819e+32 
