1.3056653205564562e-12 6.008549392188913 -0.2192527264239576 1.1453785705921205e-14 3.390427975805553e-12 -1.0919494476463142e-13 -5.44995411933754e-13 9.69055753505267e-13 9.802629029393606e-13 5.319370377058523e-12 0.0 47.729931683978066 767128.5276250216 767080.7976933377 
1.2060645831547678e-12 5.5224792068686215 -0.2166018381737039 9.269614025034415e-15 3.229499783843099e-12 -9.493810323757284e-14 -6.134768171178345e-13 1.147918687995255e-12 7.920111881153314e-13 5.347619941188732e-12 0.0 103.74963830236811 779332.9629361561 779436.7125744584 
1.2060645831547678e-12 5.5224792068686215 -0.2166018381737039 9.269614025034415e-15 3.229499783843099e-12 -9.493810323757284e-14 -6.134768171178345e-13 1.147918687995255e-12 7.920111881153314e-13 5.347619941188732e-12 0.0 103.74963830236811 779332.9629361561 779436.7125744584 
1.0334591193374071e-12 5.166326884235039 -0.24722831830450148 7.52257883009449e-15 3.3252138672669974e-12 -9.472510708302333e-14 -6.754060083781256e-13 9.325535897017936e-13 6.625905137353761e-13 4.7084802404601945e-12 0.0 219.0743490770692 962837.0159203805 963056.0902694575 
1.1002850077398588e-12 5.281366683000636 -0.21821554721095443 8.094801481145582e-15 2.7100362212999426e-12 -8.95911464534605e-14 -6.839024689806525e-13 9.500468414200018e-13 7.499963242881491e-13 5.329103169468748e-12 0.0 367.9740089883562 788232.8238603479 787864.8498513595 
1.1002850077398588e-12 5.281366683000636 -0.21821554721095443 8.094801481145582e-15 2.7100362212999426e-12 -8.95911464534605e-14 -6.839024689806525e-13 9.500468414200018e-13 7.499963242881491e-13 5.329103169468748e-12 0.0 367.9740089883562 788232.8238603479 787864.8498513595 
1.0160699013697421e-12 5.339186598471285 -0.18541889338446543 8.533789434872709e-15 3.5803589890150828e-12 -8.146519116006131e-14 -5.495395388630541e-13 1.1276531820681967e-12 6.160876291412426e-13 5.627835832767355e-12 0.0 498.80589765985496 786421.5178275858 785922.711929926 
1.155156099293612e-12 6.338085114263269 -0.22917350054584723 7.84305376475746e-15 3.811465787666647e-12 -1.0782488313415098e-13 -7.082466955405789e-13 9.690319373016021e-13 6.701326625744436e-13 5.151041965104278e-12 0.0 523.244324665051 778843.9834925053 778320.7391678402 
1.155156099293612e-12 6.338085114263269 -0.22917350054584723 7.84305376475746e-15 3.811465787666647e-12 -1.0782488313415098e-13 -7.082466955405789e-13 9.690319373016021e-13 6.701326625744436e-13 5.151041965104278e-12 0.0 523.244324665051 778843.9834925053 778320.7391678402 
1.1529396804625155e-12 5.983565978578542 -0.22416600341558784 9.63129111445567e-15 2.9403136661083255e-12 -9.908809335849559e-14 -5.742928334068726e-13 1.1466544970981199e-12 7.86299740345383e-13 5.2393914684927345e-12 0.0 533.5526334155584 776687.0834173945 776153.530783979 
9.877665856590273e-13 5.543061772453173 -0.19439484628726186 8.671140781794689e-15 3.3568999804632763e-12 -8.697316172087325e-14 -5.791366320524427e-13 1.0776046820489065e-12 7.084563485809654e-13 5.559450294280316e-12 0.0 817.4879610843491 776328.1926483206 777145.6806094049 
1.152506666843719e-12 6.073081420687299 -0.24613432753218978 8.341868075524893e-15 3.501326139019768e-12 -1.1597831626358052e-13 -7.400994955471923e-13 1.0210615016138146e-12 6.697189451605563e-13 4.7894405420441395e-12 0.0 870.5780786955729 889026.2918413484 888155.7137626528 
9.978472850449206e-13 6.083882593608751 -0.20133118909522268 1.0212495906318295e-14 3.0486740067180916e-12 -1.1110516800217436e-13 -5.29131107692513e-13 1.1898682492637808e-12 9.514881873445795e-13 5.4976044269712534e-12 0.0 884.5520701695932 760536.0891324589 761420.6412026285 
1.2060507717909455e-12 6.413071176152298 -0.18945366226761046 1.0720856211207195e-14 2.6081367337671774e-12 -1.0087250547863706e-13 -6.109706098395274e-13 1.1259672206512346e-12 9.749617782646857e-13 5.584676071733797e-12 0.0 913.1149217861239 758853.358324879 759766.4732466651 
1.1749544538178415e-12 5.957867490541876 -0.22027289716302045 9.2032259150582e-15 3.4162851493965655e-12 -9.974417185149963e-14 -5.984093549956189e-13 1.218564407485193e-12 7.732941552388064e-13 5.284034775450874e-12 0.0 968.5133035213221 772323.936912635 771355.4236091137 
1.2140967778246168e-12 5.1470575927386415 -0.23616067744527502 9.146706769796235e-15 3.1319133221571717e-12 -9.120891555626915e-14 -5.719583413113507e-13 1.1438140965107122e-12 7.400131903937709e-13 5.078688155859431e-12 0.0 993.9908745753346 835407.4038964041 836401.3947709794 
1.0060457600712621e-12 5.276307786786675 -0.17282408884880646 7.800823188531124e-15 3.2052382514590828e-12 -8.09795143048197e-14 -5.858403307121063e-13 1.1400631389466035e-12 6.36236661223065e-13 5.722277943675547e-12 0.0 1244.6662372900173 799768.0979462794 798523.4317089894 
1.3204433997441259e-12 6.423187771726891 -0.2099570281652931 1.1588805809620215e-14 3.959564330018291e-12 -9.803702260477827e-14 -5.425720061423693e-13 9.894705217587284e-13 9.393740810148008e-13 5.40787835184476e-12 0.0 1309.7560527054593 751355.0858511289 752664.8419038344 
1.2027857699684473e-12 5.483044987540331 -0.2082644386131671 1.1559611143682689e-14 3.579088178639897e-12 -1.0667798471445287e-13 -5.267610630255628e-13 8.959185726821727e-13 9.056516249953505e-13 5.454227241665724e-12 0.0 1554.4907610944938 775190.326371601 776744.8171326955 
1.1316908308404728e-12 5.350178480908012 -0.24784164637997194 8.942087534292254e-15 2.716235117500783e-12 -8.660886750898961e-14 -6.707545412882085e-13 1.2077647887247017e-12 7.911092739379331e-13 4.361746353896617e-12 0.0 1577.632792007178 1138019.4154987417 1139597.0482907488 
1.2704209552172683e-12 5.6563436629439225 -0.2250153785246711 8.847130109730401e-15 2.947497409337005e-12 -9.32725098051853e-14 -5.62428592917933e-13 1.0667891278238228e-12 7.447409284945549e-13 5.222454842368012e-12 0.0 1872.876367387944 789648.2890677102 787775.4127003222 
1.1235341971157985e-12 6.222646058190675 -0.2305287513719195 7.146698413618777e-15 3.9843002785622966e-12 -1.0192001590139348e-13 -6.543784221136251e-13 1.037678899198861e-12 7.208099813305167e-13 5.125193461901659e-12 0.0 2248.4981972520472 787389.4943631655 785140.9961659134 
1.0506179077012854e-12 4.879274744898525 -0.1947358077783463 7.304664292369335e-15 3.4950774459472615e-12 -9.000897379038419e-14 -5.662051162390665e-13 1.083310234854843e-12 6.996396854237249e-13 5.5871946107995275e-12 0.0 2299.9879918792285 793111.3684139532 795411.3564058325 
1.2191340171401023e-12 5.678354767990856 -0.20524763966851742 1.0767636390932196e-14 3.465981152955362e-12 -1.1128920476114641e-13 -5.822091976760247e-13 9.447283579916338e-13 8.595285788156478e-13 5.477138656071364e-12 0.0 2348.305524155381 770027.666026947 772375.9715511024 
1.4399450971274636e-12 4.886086112716989 -0.24053729741182697 8.523955753919852e-15 3.798335003261473e-12 -1.1387740596577007e-13 -5.390103617224005e-13 1.0726816605082797e-12 6.820345414982971e-13 4.929558710110973e-12 0.0 2395.8837302438915 889008.2823343042 886612.3986040603 
1.1710129761456657e-12 5.665126346784374 -0.19919842497381307 8.715240708248738e-15 3.042648245202105e-12 -1.0064236099271648e-13 -6.198493413489067e-13 1.2490992167680009e-12 7.988317116998647e-13 5.529379274807045e-12 0.0 2711.4837469527265 771573.4276353025 774284.9113822553 
1.1818948706736098e-12 5.513215333810008 -0.24595741411628652 1.070848588445594e-14 2.9856261829350688e-12 -7.712488394313286e-14 -5.203713003969662e-13 1.287852297225796e-12 6.868109364741289e-13 4.384341801695284e-12 0.0 2715.957493026741 1115500.8237500195 1112784.8662569928 
1.2447516798933562e-12 5.329921717012835 -0.24494948947330442 1.0844163969803694e-14 2.9430643928699736e-12 -9.402050680588404e-14 -5.391430553939578e-13 1.0155049373168432e-12 8.566617567269396e-13 4.920801634687853e-12 0.0 2887.7412938583875 873162.0455409575 876049.7868348159 
1.3589084744918833e-12 4.571922842094795 -0.2496016738191868 8.535094312912475e-15 3.067521815933374e-12 -1.0710416212887739e-13 -6.251642389816648e-13 1.2798277162255105e-12 8.927720708365189e-13 4.543827195281022e-12 0.0 3077.737809245009 1072867.0528129693 1075944.7906222143 
1.103382522483428e-12 6.2402891130794425 -0.20950505658272423 1.0872959278140548e-14 2.7789899729476567e-12 -1.0886124127308456e-13 -5.568281171024775e-13 1.1263573024892283e-12 9.052073964035665e-13 5.384097776660099e-12 0.0 4345.702694592066 757554.8799964024 753209.1773018104 
1.2095522118768257e-12 5.896986061990005 -0.24713865040491068 9.259072331908458e-15 3.1852549856901442e-12 -9.752802220376081e-14 -4.984223853655781e-13 1.1792386623424376e-12 8.245509528782205e-13 4.427190267837416e-12 0.0 5369.105334031163 1069543.4337545554 1064174.3284205243 
1.0415339251102054e-12 5.092939309204764 -0.24580524703762385 8.356599863975965e-15 3.815483344606545e-12 -9.31493425034235e-14 -6.863167076750677e-13 1.146252306067491e-12 7.180343451343908e-13 4.901639750540722e-12 0.0 5405.4545696988935 889591.0995308158 894996.5541005147 
1.0491536227717472e-12 6.070601403732976 -0.2465456907376053 1.051839435170274e-14 3.5171541177207716e-12 -1.0541728188982619e-13 -5.478813610721676e-13 1.0865589181002451e-12 8.818905643112934e-13 4.6968023678309174e-12 0.0 6752.615981454961 926019.8885348234 919267.2725533685 
1.008122203011194e-12 5.233677652912635 -0.17964784298334424 7.976337779763095e-15 3.4461276979533624e-12 -8.290002217840925e-14 -5.487492964179563e-13 1.1249075848746084e-12 6.809980115110588e-13 5.645802254846813e-12 0.0 8377.254662706167 792009.863699945 783632.6090372389 
1.2167423302711217e-12 6.054438319684568 -0.2230597103651749 1.07950786763961e-14 3.731357537223507e-12 -1.0842623268290191e-13 -5.71038374720493e-13 9.403588444388159e-13 9.385547816038697e-13 5.192596534542138e-12 0.0 10940.246160364943 781701.6702721864 770761.4241118215 
1.1166041181672533e-12 6.0918964081308875 -0.18163861517764038 8.695136152747226e-15 3.562870439303749e-12 -8.325916944066137e-14 -5.277599570414058e-13 1.2904121698430778e-12 8.296692549468653e-13 5.590561216746538e-12 0.0 11831.253859899472 768880.1506492986 757048.8967893991 
1.4333873517570268e-12 5.187289989093495 -0.2545487039336994 9.144787141494725e-15 3.4754276574958284e-12 -8.460211561933868e-14 -5.84969923823435e-13 1.2722461862486819e-12 6.601128391190764e-13 4.725167205475338e-12 0.0 15252.175724144094 954532.6549173559 969784.8306415 
1.1289003992342761e-12 5.196504392223036 -0.2558092284732551 9.938615884995592e-15 3.352032224243272e-12 -1.0566334656574313e-13 -5.223953974755559e-13 9.651861627474886e-13 6.872851309200442e-13 4.6360020742555985e-12 0.0 15687.305574012687 995178.0057194654 1010865.3112934781 
1.3235525611361044e-12 4.852182959451815 -0.220589987817575 7.586652574587435e-15 3.748387685584662e-12 -8.303601665715718e-14 -5.496506381423333e-13 9.48495865862564e-13 8.811428953283807e-13 5.425478048857755e-12 0.0 15744.337117182207 791634.602539297 807378.9396564792 
1.0423161434668705e-12 4.631403092486725 -0.19407352555284993 9.071967411796356e-15 3.4661327885422095e-12 -1.0819014974639712e-13 -5.918400976095272e-13 1.1343660875527397e-12 9.304138096681614e-13 5.518524510527028e-12 0.0 17652.83304602001 800266.3752830515 782613.5422370315 
1.4175926237197966e-12 5.64221471821336 -0.24992242550380758 7.90493259262423e-15 3.697075432702005e-12 -1.0236973082204199e-13 -5.805483311161288e-13 1.079297241560294e-12 6.895747370736423e-13 4.98556834535249e-12 0.0 19709.66386099253 840889.0386389376 860598.7024999302 
9.957326192567272e-13 5.221353504227716 -0.19639580011064905 7.728885298616926e-15 3.803648682975161e-12 -1.0256500404001736e-13 -5.102065082477384e-13 9.993251011402559e-13 7.114464666540617e-13 5.651147872932763e-12 0.0 21446.361247072113 786854.093117049 808300.4543641211 
1.4187184985199131e-12 5.05430901886965 -0.2290567002212262 1.093648339386353e-14 3.0122170289451605e-12 -9.956016263099379e-14 -5.24144442783746e-13 1.146667484656589e-12 6.708169925966936e-13 4.9463669976103644e-12 0.0 23391.766115283128 877492.8018936624 854101.0357783793 
1.4285834386803725e-12 6.050915807337501 -0.22595817252935957 7.514212335777167e-15 3.2630620049269175e-12 -1.0539643900770724e-13 -5.829281038134653e-13 1.3301451871544522e-12 6.825316433959997e-13 5.371961792764205e-12 0.0 25160.55457687017 760219.6272628003 785380.1818396705 
1.159619602769955e-12 6.186922497049839 -0.23359321257959378 1.0814242029315308e-14 3.6104264536641152e-12 -9.304599291580171e-14 -5.487920802831808e-13 1.2342685747791837e-12 7.814695553763309e-13 4.815144398387393e-12 0.0 25264.518148857635 874865.9119850227 849601.3938361651 
1.2543515674064568e-12 5.141913429789427 -0.22445193547696113 7.817103091368522e-15 3.5723671229289643e-12 -8.625937876133999e-14 -6.802308244830702e-13 1.298456745792431e-12 7.890436692026791e-13 5.043925606722864e-12 0.0 25440.321164736408 845814.7349398246 820374.4137750881 
1.4348322529879686e-12 5.252519587270201 -0.259821775992357 8.233477458663561e-15 2.798736371385782e-12 -7.789591595052732e-14 -5.852585882922532e-13 1.371883239728009e-12 6.618711392600518e-13 4.781256206982942e-12 0.0 27420.0633774061 928037.6055407791 955457.6689181852 
1.4088389405052773e-12 6.149583749328697 -0.22642146634819998 1.0172808291548848e-14 3.799659030214464e-12 -8.599931933074334e-14 -7.013603749794556e-13 1.0986802191536519e-12 6.702126707911521e-13 5.3799814380887025e-12 0.0 28004.65187279228 756846.9750641396 784851.6269369319 
1.1145876422903615e-12 5.52306310906357 -0.24582542206911584 7.663720485434485e-15 3.4772735545264303e-12 -1.0502370854422492e-13 -6.42090758980747e-13 1.3586967536514616e-12 8.520045879285456e-13 5.167820285292825e-12 0.0 28113.46825650544 801148.8645612663 829262.3328177717 
1.2328933476960988e-12 6.132221207117206 -0.22247889979116192 1.0891635723768873e-14 3.438534463326119e-12 -7.599338983660662e-14 -7.20026944857785e-13 1.0063095048935673e-12 6.8189282106123e-13 4.9937131308535896e-12 0.0 31136.77226245741 822160.7012651436 791023.9290026862 
9.760327603542994e-13 5.717521947147214 -0.23305165785407264 1.0615385260192882e-14 3.190728337511233e-12 -1.1300105261765952e-13 -5.040328952774979e-13 1.3035421875332687e-12 8.512006485378625e-13 4.3723143682247196e-12 0.0 31763.280609853566 1110805.532573624 1079042.2519637705 
1.1472795383174379e-12 4.426748846747008 -0.17634218720106717 9.797352744014365e-15 3.1722497815410803e-12 -8.232508089245742e-14 -6.780319448073198e-13 9.621857902770585e-13 8.496218795921774e-13 5.6064953253635436e-12 0.0 32041.899959271774 811452.4892861217 779410.5893268499 
1.0314231854522743e-12 6.189324376025658 -0.19162991029443432 8.224026206937908e-15 2.6453397657723677e-12 -8.55490734737005e-14 -6.020180172904723e-13 9.526057338125059e-13 7.268149268378268e-13 5.387337305687569e-12 0.0 33135.98573628976 763358.8413938563 730222.8556575666 
1.2248901624262276e-12 6.148820698056124 -0.23081826983831846 8.69158900679481e-15 3.2022130004972297e-12 -9.618853311561568e-14 -7.309736269156337e-13 9.71736846487775e-13 6.843748208376566e-13 5.383553073663585e-12 0.0 36310.42506093497 755898.7014316871 792209.1264926221 
1.135764741475021e-12 4.658965591529309 -0.22926033592283518 9.07959385995656e-15 3.7453147031112426e-12 -9.971372326267413e-14 -6.918626645009342e-13 1.0008380172905237e-12 8.646206643574993e-13 4.55959592489742e-12 0.0 38531.24349703931 1060096.3399229597 1021565.0964259204 
1.4174404113898658e-12 6.520187374931342 -0.20782403376450967 1.0512414090788151e-14 3.3752024401918588e-12 -1.1220557790582087e-13 -5.997923846832645e-13 1.0499767162410726e-12 7.929803145717026e-13 5.165753401245224e-12 0.0 38553.304346085875 773705.3617184854 735152.0573723995 
1.0342259142471266e-12 4.828578899483665 -0.22567460718385746 1.0065733530401416e-14 3.583723049065941e-12 -8.962318945330374e-14 -4.975632008685173e-13 1.3178965138508729e-12 8.642208910829553e-13 4.851965979006299e-12 0.0 38722.240690635634 919759.7344637563 881037.4937731207 
9.954316835305902e-13 5.189490103738063 -0.2319626997072906 9.685962714832886e-15 3.650329634652279e-12 -9.800885500285276e-14 -6.849504213115386e-13 1.1274706267477042e-12 6.428712316984095e-13 5.414347208781013e-12 0.0 39806.677301427 780608.2637496177 820414.9410510447 
1.4040082885344827e-12 4.973973403502702 -0.2569973427023095 9.439931842429464e-15 3.0380159386435506e-12 -8.835362902499137e-14 -5.580039201136163e-13 1.3170256852591661e-12 8.070906037872983e-13 5.080609063419715e-12 0.0 40180.493420058745 839846.6415045982 880027.134924657 
1.1548260304556846e-12 5.210652417600668 -0.22730264025209304 1.0282814842890042e-14 2.7862218796193236e-12 -9.170742059132837e-14 -5.721389703049025e-13 1.3682883080004352e-12 7.704093716575946e-13 5.487356819000478e-12 0.0 42395.971580531215 777008.3154142089 819404.2869947401 
9.713864547677016e-13 5.356038089842683 -0.2155651241394025 7.860801606653385e-15 3.0608406825437205e-12 -8.031416184640585e-14 -6.046713659561302e-13 1.1212186194091326e-12 6.3375018918785e-13 4.976392021833299e-12 0.0 46116.15808657464 857834.7955647135 811718.6374781389 
1.1009423277381676e-12 6.551315422366867 -0.17563179710170218 9.313667110236697e-15 3.363108763405626e-12 -9.057895272710779e-14 -5.41907170037829e-13 9.418049838150555e-13 7.459820063817001e-13 5.844589104945083e-12 0.0 47279.30704998376 793849.7964203458 841129.1034703295 
1.3325653467955881e-12 5.501757915790778 -0.1919658279924766 1.0011519408319462e-14 3.433044618254206e-12 -1.0844547639437321e-13 -7.235106011647022e-13 1.3326556371572257e-12 8.038033364613418e-13 5.3306756188071855e-12 0.0 47454.06073930615 787599.2814218159 740145.2206825097 
1.4070790507546213e-12 5.557181938551202 -0.21975841938117427 8.226897107433007e-15 3.198114446253727e-12 -8.730589297601286e-14 -6.835916922721569e-13 1.3470504105551797e-12 6.716105635337878e-13 4.8420355203696094e-12 0.0 48467.61364333122 893002.729280293 844535.1156369618 
1.4262907010216743e-12 4.624407526382418 -0.256099814510925 9.39988963720224e-15 2.612270051950713e-12 -9.41946811947746e-14 -6.310624967974635e-13 1.1212435003243852e-12 7.408848237689974e-13 5.191656987633845e-12 0.0 50813.59023578523 826956.9645657182 877770.5548015034 
1.438124138257034e-12 5.273783782336058 -0.17357555385175139 8.575875492972091e-15 2.585795299073133e-12 -9.324721578491439e-14 -6.896402869376915e-13 1.2346077834236072e-12 8.245165618786939e-13 5.937369823405377e-12 0.0 53736.52090290317 833811.9295768265 887548.4504797297 
1.4372808040516261e-12 6.018819835052489 -0.22081874035632537 1.0473281294687875e-14 3.0956029065785277e-12 -7.954207942153082e-14 -6.455509419691391e-13 1.056570649472198e-12 7.149785330547593e-13 4.3150262774363465e-12 0.0 54126.80900680297 1130058.7371163345 1075931.9281095315 
1.1622275490211204e-12 6.45048852437086 -0.1971444332997561 7.496452470744835e-15 3.6640229772122324e-12 -8.235859451224269e-14 -5.79869331538677e-13 1.273875484746936e-12 9.500148741677758e-13 5.75945713052406e-12 0.0 56230.35755484563 773197.7724432071 829428.1299980527 
1.1982407198896264e-12 5.493146940561341 -0.2205834332443488 8.482108989644312e-15 3.0234025719786668e-12 -8.423821826486417e-14 -7.304281866192806e-13 1.2415992503248407e-12 8.362394042059914e-13 4.481483694774743e-12 0.0 58041.24073031463 1059877.175838323 1001835.9351080084 
1.362582989858831e-12 5.346869943427114 -0.19296797468988633 1.000095833071133e-14 3.599345532267646e-12 -1.0189158623027382e-13 -6.224026517811509e-13 1.085500504801922e-12 8.553387847193249e-13 5.837939338362056e-12 0.0 59678.44551523833 806170.7184972379 865849.1640124762 
1.061655017228282e-12 5.232483427396049 -0.21485937588359366 9.724984560049135e-15 3.543415082213756e-12 -1.0409086955101777e-13 -5.801341085599926e-13 1.3376749463634754e-12 6.44499917520815e-13 4.294162620052594e-12 0.0 60431.65768965497 1187535.0409339336 1127103.3832442786 
1.1747901071344634e-12 6.416311457311436 -0.22344597766442198 1.0254610378827846e-14 3.654920304990862e-12 -8.463503169914885e-14 -5.462960725222021e-13 9.925605862900554e-13 6.521013847154572e-13 5.5764856243877075e-12 0.0 62415.53838919301 748755.5107911826 811171.0491803756 
1.1473827319730728e-12 5.150789408232586 -0.19782246538628923 8.540281827360776e-15 3.6597580494879e-12 -9.204388847689682e-14 -6.419168646333444e-13 1.0324596772191528e-12 6.926489062880075e-13 5.8276466419796376e-12 0.0 65801.08121484006 806121.6180517464 871922.6992665865 
1.1814483756096275e-12 5.860546177565313 -0.18182269178538518 1.0280117854655504e-14 3.6285809716395873e-12 -1.0074254450683299e-13 -6.339902488485345e-13 1.3089593502860695e-12 7.997222546063847e-13 5.315238551741782e-12 0.0 65967.69306949642 781288.9029207535 715321.209851257 
1.1302066716801607e-12 5.993145269163193 -0.24507949792593908 1.0167546054912192e-14 3.2366545859832486e-12 -7.62139735127286e-14 -5.310488296503357e-13 9.290012216758041e-13 6.75810188757114e-13 5.41587334044621e-12 0.0 67071.52864929952 756226.9798316176 823298.5084809171 
1.193780345896478e-12 5.076870221911654 -0.21167640966553414 9.85509841290452e-15 2.855651709344652e-12 -8.762898177650447e-14 -7.31055542967516e-13 1.0938566593499385e-12 9.148355292900307e-13 4.318312421312313e-12 0.0 70686.83586602192 1180156.7410163372 1109469.9051503153 
1.2979718139517848e-12 5.305675583145608 -0.1826018487229084 8.78637967720853e-15 2.6568461651365814e-12 -9.821770309574532e-14 -5.731820213120441e-13 1.0496659661435763e-12 7.530492005637261e-13 5.939610171963316e-12 0.0 70871.97751245042 829742.9159643042 900614.8934767547 
1.2873427635151857e-12 4.931412902133479 -0.1933619954756327 7.613072290988149e-15 3.1708838454881463e-12 -1.0490738357898773e-13 -6.905984662372389e-13 1.3523722843192178e-12 9.253388187188223e-13 5.154874551119186e-12 0.0 74215.17578382953 833187.1868926302 758972.0111088007 
1.12234969662398e-12 6.208600188048282 -0.1912286672063116 8.812106096600824e-15 2.6959892569052283e-12 -8.658881038473475e-14 -6.471729465521683e-13 1.3357782150868438e-12 8.789375058351805e-13 5.0900067066653036e-12 0.0 80730.13310466497 801972.8519659309 721242.7188612659 
9.858352219793289e-13 5.197635096843184 -0.20541651892136478 9.955018256952174e-15 3.3992311188279027e-12 -9.185869611528824e-14 -5.616719787692915e-13 9.516192090201977e-13 8.571661274326192e-13 4.309530009227384e-12 0.0 82876.38071050146 1179534.9871159438 1096658.6064054423 
1.2203641850520479e-12 5.48866230364432 -0.19550198525512663 1.0391621290801308e-14 3.3553121158321083e-12 -9.265143772164081e-14 -5.545865786694524e-13 1.3103940966423212e-12 8.081077460656963e-13 5.00579564875667e-12 0.0 83353.13520440704 847747.1293737926 764393.9941693855 
1.2741252520742152e-12 4.485862564562595 -0.20409825386845704 9.178795811481665e-15 3.0745556357649698e-12 -8.626872979935476e-14 -6.263442479429096e-13 1.146297380690353e-12 7.709138855483421e-13 4.761843115259687e-12 0.0 83730.65590785269 974032.9729882337 890302.317080381 
1.3892776523754109e-12 4.80652194304018 -0.19454429870911916 8.168508833452598e-15 3.733541781397726e-12 -1.0227031987353865e-13 -5.362442281029322e-13 1.0251131067272019e-12 6.850346859364605e-13 5.003928952014359e-12 0.0 85142.65162655618 875275.7924818553 790133.1408552991 
1.1041228089704988e-12 5.418957485284175 -0.2037472144367797 7.510168820652584e-15 3.377123689986816e-12 -7.76117116388566e-14 -5.300100265245414e-13 1.367811051417117e-12 8.543806247384519e-13 4.3334215405553604e-12 0.0 88200.2079102993 1151923.7242726313 1063723.516362332 
1.0254502639882938e-12 5.570941597877065 -0.2402426337223291 9.52228281628218e-15 3.0390991062962364e-12 -8.97931784432689e-14 -5.214799848999849e-13 9.898864104304209e-13 8.180120584709154e-13 5.5971684317331354e-12 0.0 88436.90779510385 765566.7142726916 854003.6220677955 
1.4090606898467474e-12 6.024931452148555 -0.19773355191726438 8.375588915737504e-15 3.376979699954746e-12 -8.224918729574402e-14 -5.290682459352728e-13 1.2291446093552693e-12 6.691187188352518e-13 4.821081971576179e-12 0.0 91557.17984560505 883765.8855076621 792208.705662057 
1.4040699036947588e-12 5.808911601528553 -0.21884872257699428 7.755830479244425e-15 3.850289606503656e-12 -7.601963323319381e-14 -7.27392999260436e-13 1.3013984033196692e-12 9.137309414547506e-13 5.777636523296829e-12 0.0 92195.00448962336 780657.0382701729 872852.0427597963 
1.381167298197311e-12 4.645795411499117 -0.183569061537781 8.778243852007483e-15 3.75597634637258e-12 -1.072915814853584e-13 -6.904199645440173e-13 1.1344596500363453e-12 6.471644329330642e-13 5.054244195105196e-12 0.0 100881.27512676606 870189.151705714 769307.8765789479 
1.125689522544011e-12 6.567694085490041 -0.1875804176804869 7.699514108679482e-15 3.6958819897339504e-12 -8.735065094589744e-14 -6.473448980667089e-13 1.1398486512353594e-12 9.450128123754112e-13 5.974858165915293e-12 0.0 101595.1543146635 819240.4856308231 920835.6399454866 
1.4138293867595852e-12 6.310772551216311 -0.1753109903467183 1.0837961115288486e-14 3.2371753647389185e-12 -9.622358082388886e-14 -7.041357404950962e-13 1.2400305114493512e-12 8.380249135836601e-13 5.128308835053522e-12 0.0 103527.57314904418 795196.0695700477 691668.4964210035 
1.1388622001393328e-12 5.315850212096612 -0.25512408134102393 8.035164125488807e-15 3.499768643369433e-12 -8.744932765977872e-14 -7.069234633378184e-13 1.0393651418877877e-12 8.827939358425089e-13 5.567529387730106e-12 0.0 106995.86263271177 768809.303890331 875805.1665230427 
1.1850562641378861e-12 5.5531394846943005 -0.18600337116514015 8.402060648162135e-15 3.666219506891806e-12 -9.656360130329712e-14 -5.01455692964705e-13 9.35924285732717e-13 6.835933966051408e-13 4.876480601170086e-12 0.0 110526.99782327004 886677.711308742 776150.7134854719 
1.0885675324449416e-12 4.793449477490424 -0.194699032958252 7.629557397324886e-15 2.8823023881599832e-12 -7.764339471685274e-14 -6.346087749129299e-13 1.040951628992124e-12 9.295662111414438e-13 6.04244233878236e-12 0.0 112307.8042970933 856676.123330508 968983.9276276013 
1.3766042937449772e-12 6.458750801194185 -0.1734687862906916 7.939977167240861e-15 3.2150150739363267e-12 -8.248948920555648e-14 -5.45989921054474e-13 1.3502813922875836e-12 7.889973558578549e-13 5.063419996092727e-12 0.0 113785.60967390938 803450.0934752433 689664.4838013339 
1.3863980020987829e-12 4.581286604963578 -0.1748830262181123 7.460876902881482e-15 3.243740909553099e-12 -1.0596592967405314e-13 -5.43342680026414e-13 1.0224908580225042e-12 8.430972475067382e-13 6.163633641148449e-12 0.0 115261.89758771658 902241.8764790958 1017503.7740668124 
1.303999150911463e-12 6.527926308680722 -0.21411494198630476 1.1006012364356273e-14 3.0421285788629634e-12 -9.434901332944892e-14 -7.154367328102869e-13 1.0914816811634391e-12 6.61902699286774e-13 5.866777882762921e-12 0.0 117997.52063905599 784806.1527439117 902803.6733829677 
1.2732820819273078e-12 6.355226428003803 -0.1998907359305949 7.95139571064403e-15 3.644001941055391e-12 -8.131348137034517e-14 -7.297257883200559e-13 1.195283106225212e-12 8.774952764897474e-13 5.969653609427352e-12 0.0 118559.49720652879 815646.6113023717 934206.1085089005 
1.0991468564258446e-12 6.3710095456669995 -0.18457224575275774 9.151439122544285e-15 3.4664991749845002e-12 -9.420891921390173e-14 -6.499328790792411e-13 1.0691704387458883e-12 6.39616226905686e-13 4.720808745832919e-12 0.0 121605.66875985987 909017.7868006388 787412.1180407789 
1.389022291984859e-12 5.0473619674727965 -0.185823725080614 1.0314127039902613e-14 3.762701586683059e-12 -7.84573601848992e-14 -6.501479261522525e-13 1.0335255850208367e-12 8.999770616445558e-13 4.74623433319102e-12 0.0 121902.97936428327 957787.6162499913 835884.6368857081 
1.0567211373603567e-12 5.134564212539758 -0.20561405527684662 9.507526733913639e-15 3.834386975754052e-12 -1.0809229342924386e-13 -6.655429682269872e-13 9.858484257439211e-13 8.239059211534195e-13 6.000628901703159e-12 0.0 124032.8380970878 837341.7000599375 961374.5381570254 
1.1226891921860887e-12 4.792522216371182 -0.18275353719038878 9.184689323860613e-15 3.0028108471416264e-12 -1.033287562415569e-13 -6.204945711399519e-13 1.2158137427753136e-12 7.03557367397253e-13 4.485056362703024e-12 0.0 129700.90527760878 1098717.479380284 969016.5741026752 
1.4303871068497634e-12 4.439478348264034 -0.20382436834717077 9.52224046917949e-15 2.7960567698848163e-12 -8.137047991853252e-14 -4.980825597182146e-13 1.1725508591495901e-12 7.916862398769987e-13 6.0858261171730106e-12 0.0 138713.30040625925 868839.9050926066 1007553.2054988658 
1.3097785469576395e-12 6.554538454055436 -0.17615321137747358 1.0749043574847173e-14 2.6159030243856834e-12 -9.801003346897939e-14 -6.6636599027424e-13 1.2134977073265014e-12 8.294629519020115e-13 4.598660867984384e-12 0.0 144892.85547817266 954165.0169136233 809272.1614354507 
1.2298348150059798e-12 6.514764976630501 -0.2320522649253241 9.425832261126003e-15 2.8503079250329937e-12 -9.286878910303518e-14 -6.380506622344986e-13 1.374476465250602e-12 8.273184446777639e-13 5.885616313828078e-12 0.0 150648.00532647665 784192.9527867081 934840.9581131848 
1.1629201104202532e-12 5.531256794574488 -0.2146790685425402 9.135659074915548e-15 2.949201484947319e-12 -1.0500277741884294e-13 -7.288198977810822e-13 1.3369766939494254e-12 6.971981687210284e-13 6.0235337705181424e-12 0.0 152381.479690128 834448.1853509346 986829.6650410626 
1.3066408930019843e-12 5.156265707203278 -0.24160513153258603 1.0066865630259475e-14 3.211867713046528e-12 -8.192011050727757e-14 -6.15825297195358e-13 1.0263158345856285e-12 6.7958944112467e-13 5.876107814601257e-12 0.0 154544.73183048668 801329.9307739546 955874.6626044413 
1.2903134936445898e-12 5.088905496984787 -0.22020114464904042 8.945328067324991e-15 3.4251404381453854e-12 -1.0517384252445429e-13 -5.626399008673512e-13 1.2110390330753484e-12 7.320110900003683e-13 6.034163137401567e-12 0.0 159476.81039209838 841169.0635625146 1000645.873954613 
1.3086489921496566e-12 4.837974644365655 -0.239299381810465 7.88299377783507e-15 3.5601478601121593e-12 -9.78365334087628e-14 -5.51442031918139e-13 1.1433236444001505e-12 8.203076922448452e-13 5.931648882739637e-12 0.0 160106.25306845037 817111.2231842445 977217.4762526948 
1.164207991185201e-12 6.409204949968332 -0.21426425710586341 8.073484387158272e-15 2.9611851557109994e-12 -1.0433187627649042e-13 -7.275218439978854e-13 1.0335284509460053e-12 6.98365876836003e-13 6.0194500951379735e-12 0.0 160362.15880754695 822958.9769267861 983321.1357343331 
1.2960861589614179e-12 5.20274096990026 -0.2127796063992833 1.0250909666907545e-14 3.7134878703748735e-12 -1.0750541427314602e-13 -5.314871537775085e-13 1.275030951486668e-12 7.014643982947494e-13 6.086443893374796e-12 0.0 164258.6004087045 856126.7899874554 1020385.3903961598 
9.714175465220893e-13 6.344818524218216 -0.2300220594839722 1.0882108155738762e-14 3.0396701817551707e-12 -1.0163158963329595e-13 -5.746444470612774e-13 1.124682489150894e-12 6.596487423734501e-13 5.964465957159982e-12 0.0 170186.2306116888 804672.3678223394 974858.5984340282 
1.2768165701939197e-12 5.218180680648967 -0.19987619381707944 1.1039797745319387e-14 2.606372144855017e-12 -1.0241012964681433e-13 -5.108629817264025e-13 1.1126190662061086e-12 8.940360479799821e-13 6.2054034448756175e-12 0.0 177784.12337196642 898806.0314215894 1076590.1547935558 
1.3417043582439184e-12 6.2367932855040955 -0.20245021588743856 8.162617018841984e-15 3.4432189451640595e-12 -8.908072676501149e-14 -5.248155892632438e-13 1.271242877790892e-12 7.486016594997844e-13 6.145864964695743e-12 0.0 178090.16829248308 868175.3908088818 1046265.5591013649 
1.139314408653386e-12 4.97537724736352 -0.17952715146150922 8.163786211991695e-15 3.806227886083558e-12 -9.707215271171479e-14 -6.265039169347361e-13 1.069937915248834e-12 7.387505685268291e-13 6.308865225009949e-12 0.0 179043.0179907654 948062.9152421241 1127105.9332328895 
1.1570824446377669e-12 4.594709722986453 -0.2111435234217381 8.752446311439072e-15 2.6561989216523404e-12 -1.0293478398480974e-13 -5.688672227396409e-13 1.3446714651740073e-12 7.418558599475291e-13 6.192579421056921e-12 0.0 186807.66997204185 895658.8088769095 1082466.4788489514 
1.4231441639560422e-12 6.493859854480537 -0.17703350059637654 8.04409314212513e-15 2.8272343454936573e-12 -1.0382532953414086e-13 -5.208788355610701e-13 1.178167060553776e-12 6.450023644942437e-13 6.414700817111832e-12 0.0 239988.9430196156 990275.5083772665 1230264.451396882 
1.0681928180205924e-12 5.812610295384903 -0.24688531390256885 9.858950571243806e-15 3.4083300190338737e-12 -7.660661064750745e-14 -5.209213510898364e-13 1.2928848116940098e-12 8.878871583212547e-13 6.184181745007769e-12 0.0 256100.32217249344 870831.139497862 1126931.4616703554 
1.0894913261579006e-12 4.466039166934409 -0.2261948299581895 8.676619461549213e-15 3.659171254608713e-12 -1.0468794036540057e-13 -4.97881558687251e-13 1.2379091762493845e-12 6.98589956471197e-13 6.374791585342495e-12 0.0 272296.24127217825 958258.3555510759 1230554.5968232541 
1.2194155362984254e-12 6.509859390643678 -0.22057255804195564 9.663182813767836e-15 3.1846467445848164e-12 -1.0481071987274218e-13 -7.230026124868942e-13 1.2218344794683124e-12 8.626355304308784e-13 6.338137612154195e-12 0.0 275629.3512576991 935992.7553135005 1211622.1065711996 
1.3185122235304101e-12 5.4237934055139885 -0.25009714227139634 1.108483435563355e-14 3.1638955199819045e-12 -7.918348207218282e-14 -5.614850513449012e-13 1.2647105404775631e-12 6.671167189836687e-13 6.289105292842094e-12 0.0 295156.4370194335 910865.9445565775 1206022.381576011 
1.3056653205564562e-12 6.008549392188913 -0.2192527264239576 1.1453785705921205e-14 3.390427975805553e-12 -1.0919494476463142e-13 -5.44995411933754e-13 9.69055753505267e-13 9.802629029393606e-13 5.319370377058523e-12 0.0 47.729931683978066 767128.5276250216 767080.7976933377 
1.2672059369568995e-12 5.724757675726584 -0.22462103212473356 8.764040255637598e-15 3.4366802979403312e-12 -9.126225372832065e-14 -5.606242946326205e-13 1.2328153913906801e-12 7.29198131806083e-13 5.237426178308705e-12 0.0 77.61201883398462 785171.0699137056 785093.4578948716 
1.2060645831547678e-12 5.5224792068686215 -0.2166018381737039 9.269614025034415e-15 3.229499783843099e-12 -9.493810323757284e-14 -6.134768171178345e-13 1.147918687995255e-12 7.920111881153314e-13 5.347619941188732e-12 0.0 103.74963830236811 779332.9629361561 779436.7125744584 
1.05207297742557e-12 6.159817611928291 -0.20632750718717438 9.104725910167565e-15 2.7612068173984415e-12 -9.993641893767603e-14 -6.027286742274911e-13 1.1903964984387215e-12 8.620289903175718e-13 5.438993900290048e-12 0.0 139.3413762304699 758082.9028326565 758222.244208887 
1.1488767306808508e-12 5.90126543716654 -0.24540078887064226 7.730897960630407e-15 4.15828227638145e-12 -1.0798133350373446e-13 -6.717843736710971e-13 9.104246161307196e-13 6.880091035389312e-13 4.83736627707248e-12 0.0 284.6340832693968 878593.2216616655 878877.8557449349 
1.1002850077398588e-12 5.281366683000636 -0.21821554721095443 8.094801481145582e-15 2.7100362212999426e-12 -8.95911464534605e-14 -6.839024689806525e-13 9.500468414200018e-13 7.499963242881491e-13 5.329103169468748e-12 0.0 367.9740089883562 788232.8238603479 787864.8498513595 
1.1347920219576352e-12 5.531059940274078 -0.22276488405330483 9.460842718628762e-15 3.0356907581735518e-12 -8.743024726759143e-14 -6.152586695542592e-13 1.102801746110282e-12 8.314355215430583e-13 5.279548953110185e-12 0.0 373.55248646833934 785655.7370066375 786029.2894931058 
1.4079322073697965e-12 6.299203435465292 -0.2203124210658837 1.0831289463919606e-14 3.4974825384205046e-12 -1.1649239393384714e-13 -4.989043493151613e-13 1.0135111412582572e-12 9.187209678033499e-13 5.291072436476962e-12 0.0 400.9930781542789 761213.5527001161 760812.5596219618 
1.2905760252043125e-12 5.756649767726614 -0.2351849043751718 1.012387024248447e-14 3.2391150264012137e-12 -8.923193030414354e-14 -5.949963961258442e-13 1.1255487289352288e-12 7.139856348985856e-13 5.071603944451192e-12 0.0 432.87737548712175 814908.9025180889 814476.0251426018 
1.0160699013697421e-12 5.339186598471285 -0.18541889338446543 8.533789434872709e-15 3.5803589890150828e-12 -8.146519116006131e-14 -5.495395388630541e-13 1.1276531820681967e-12 6.160876291412426e-13 5.627835832767355e-12 0.0 498.80589765985496 786421.5178275858 785922.711929926 
1.155156099293612e-12 6.338085114263269 -0.22917350054584723 7.84305376475746e-15 3.811465787666647e-12 -1.0782488313415098e-13 -7.082466955405789e-13 9.690319373016021e-13 6.701326625744436e-13 5.151041965104278e-12 0.0 523.244324665051 778843.9834925053 778320.7391678402 
1.1529396804625155e-12 5.983565978578542 -0.22416600341558784 9.63129111445567e-15 2.9403136661083255e-12 -9.908809335849559e-14 -5.742928334068726e-13 1.1466544970981199e-12 7.86299740345383e-13 5.2393914684927345e-12 0.0 533.5526334155584 776687.0834173945 776153.530783979 
1.1955811649989378e-12 5.5548723525519055 -0.2028847005218183 1.248380892850805e-14 3.3048744592562508e-12 -9.827568403507144e-14 -5.622320132372938e-13 9.234734360666296e-13 9.008728042996064e-13 5.497243206708465e-12 0.0 603.6726861471543 773552.7073680416 774156.3800541888 
1.087087545906896e-12 5.45364851513421 -0.21482976431564732 9.094813929157211e-15 3.269138296102988e-12 -8.72348373927487e-14 -6.279406515880752e-13 1.190691158451651e-12 7.650888659353695e-13 5.370144760640754e-12 0.0 617.5341640348779 779691.7129249581 780309.247088993 
9.877665856590273e-13 5.543061772453173 -0.19439484628726186 8.671140781794689e-15 3.3568999804632763e-12 -8.697316172087325e-14 -5.791366320524427e-13 1.0776046820489065e-12 7.084563485809654e-13 5.559450294280316e-12 0.0 817.4879610843491 776328.1926483206 777145.6806094049 
9.978472850449206e-13 6.083882593608751 -0.20133118909522268 1.0212495906318295e-14 3.0486740067180916e-12 -1.1110516800217436e-13 -5.29131107692513e-13 1.1898682492637808e-12 9.514881873445795e-13 5.4976044269712534e-12 0.0 884.5520701695932 760536.0891324589 761420.6412026285 
1.3319084506837616e-12 5.6023752914857265 -0.1986002726409737 1.1838680991982485e-14 3.606330199467945e-12 -1.154755557348525e-13 -5.143019714501284e-13 9.058312609854252e-13 9.04727798140519e-13 5.526712060026244e-12 0.0 885.5922629771521 773407.0769991339 772521.4847361568 
1.2060507717909455e-12 6.413071176152298 -0.18945366226761046 1.0720856211207195e-14 2.6081367337671774e-12 -1.0087250547863706e-13 -6.109706098395274e-13 1.1259672206512346e-12 9.749617782646857e-13 5.584676071733797e-12 0.0 913.1149217861239 758853.358324879 759766.4732466651 
1.1030046035791654e-12 4.818487644488572 -0.17705750290985114 8.433889269356858e-15 3.687398191230234e-12 -8.82569340972465e-14 -5.276450380058427e-13 1.1755034583020862e-12 6.260024751106282e-13 5.710643656716099e-12 0.0 950.1162540973164 806827.7527731088 805877.6365190115 
1.1749544538178415e-12 5.957867490541876 -0.22027289716302045 9.2032259150582e-15 3.4162851493965655e-12 -9.974417185149963e-14 -5.984093549956189e-13 1.218564407485193e-12 7.732941552388064e-13 5.284034775450874e-12 0.0 968.5133035213221 772323.936912635 771355.4236091137 
1.2145187443894858e-12 5.409505794060315 -0.2207120792904308 9.90846902329403e-15 3.35867058942529e-12 -1.0812455396592954e-13 -6.066295904918215e-13 1.1090393550244248e-12 8.129785629646965e-13 5.310785364560221e-12 0.0 1047.0464995144866 785899.5440596507 786946.5905591652 
1.2139817755125752e-12 6.7454349875908965 -0.23850591984245506 7.987981915742027e-15 4.012447638357408e-12 -1.0424521856344152e-13 -6.428167765138113e-13 9.159891018181451e-13 6.16289746880618e-13 4.977221626536772e-12 0.0 1107.2995868946891 802353.7410248066 801246.4414379119 
1.2149738381896249e-12 5.998178856291649 -0.23797110764452262 1.0048752063286044e-14 3.2741111895360202e-12 -1.014616673860797e-13 -5.767654546437112e-13 1.0803476281541249e-12 7.33479275587878e-13 5.035934349495443e-12 0.0 1196.968529884005 814556.2973381162 815753.2658680002 
1.0930926177338367e-12 6.319402232156374 -0.20323339518406186 1.126222327359958e-14 2.5796926290882862e-12 -1.0573619880693993e-13 -6.177071225507829e-13 1.1101952063255177e-12 8.805210384003856e-13 5.456110294223809e-12 0.0 1267.4035502539482 754355.9967709744 753088.5932207204 
1.0504269250554175e-12 5.2768898377276825 -0.19888149428320515 8.303112900593345e-15 3.507770037068681e-12 -8.65591671260758e-14 -4.969659655354825e-13 1.1941745612242633e-12 6.210321815705846e-13 5.512838410256142e-12 0.0 1290.1228042952716 781497.7464717131 780207.6236674178 
1.265361035469709e-12 6.542136978425273 -0.2480555346175656 8.172565964025187e-15 4.148317635045807e-12 -1.0632488469545143e-13 -7.427846074836632e-13 8.995350913609882e-13 6.352452692921144e-13 4.763294655959916e-12 0.0 1307.9853379281703 879082.7082960044 880390.6936339326 
1.0449547880938703e-12 5.486363289382512 -0.17749119469633381 8.783656266167357e-15 3.0990782477780616e-12 -8.871264632616037e-14 -5.575889679134552e-13 1.1722768401262388e-12 7.697300862961621e-13 5.687569960450659e-12 0.0 1443.9293680723058 790446.2408732772 789002.3115052049 
1.1080308666482625e-12 5.550525267843222 -0.170561087446185 9.229929390636652e-15 3.656959559198018e-12 -7.951926231602339e-14 -6.021081793530566e-13 1.2071881502035823e-12 6.525959471321516e-13 5.726876135598744e-12 0.0 1463.4594857592601 795559.6879943885 794096.2285086293 
9.638010691665961e-13 5.938304554731106 -0.18460705209957867 1.0754369558932445e-14 3.0517474009029713e-12 -1.1724798605950483e-13 -5.709080018328588e-13 1.1284436455944432e-12 8.983109873451166e-13 5.62348845437788e-12 0.0 1747.7469976798166 773290.4035357062 771542.6565380264 
1.1444034472486483e-12 6.4616392703795515 -0.19143595522103496 1.0423398736129763e-14 2.8169447650000793e-12 -1.0920863085141994e-13 -6.615466295374575e-13 1.126752861028282e-12 9.88618778570154e-13 5.572200606942008e-12 0.0 1767.874120085151 756472.4494160137 758240.3235360988 
1.1959818255156913e-12 5.854920604494539 -0.2478676130984073 8.19009853030999e-15 4.116070625064904e-12 -1.0545171776578626e-13 -7.352654596532466e-13 9.117588452552897e-13 6.148065549770624e-13 4.7490904297518494e-12 0.0 1806.929865161539 914499.9930706564 916306.922935818 
1.2182731772374376e-12 6.02543630342211 -0.22207297354769337 1.0444065523705134e-14 3.5608820199239913e-12 -1.1105868188977416e-13 -5.931645537491329e-13 9.674403225850193e-13 8.987463518972309e-13 5.290849529930756e-12 0.0 1830.1919739872683 769136.3877052972 770966.5796792845 
1.0372964517611675e-12 5.991538336446129 -0.21746849794077294 1.0836819995198165e-14 3.0649233539250255e-12 -1.165702748088008e-13 -5.791139758793235e-13 1.090859443612815e-12 1.0194083823986702e-12 5.332180120069238e-12 0.0 1836.5426339526894 766755.8984926734 764919.3558587207 
1.1384631686112047e-12 6.304092888916853 -0.24314541709790097 1.0017150750354867e-14 2.9116281523929034e-12 -9.099146299024418e-14 -6.069380882120809e-13 1.2309897414398395e-12 8.400339837396258e-13 4.951400661990883e-12 0.0 1907.2198071774328 825348.8829019313 827256.1027091087 
1.1249629055442933e-12 4.8699267175639065 -0.2289267818206785 8.046212366448089e-15 2.840006363863665e-12 -8.089755879048687e-14 -7.292008067162762e-13 1.0253358927661664e-12 7.848530988356375e-13 5.217726821869794e-12 0.0 1946.7071461143205 816102.1452398995 818048.8523860138 
1.0856661145509753e-12 5.542801208999705 -0.22894136241584323 9.630930259639975e-15 2.7597488061490478e-12 -9.394967024808032e-14 -5.486269611814553e-13 1.1207350776551659e-12 7.640989677055782e-13 5.201339096490835e-12 0.0 1979.2821658552857 796316.253698865 798295.5358647202 
9.961780400114057e-13 5.723467103328262 -0.17090059896453783 8.819094112995833e-15 3.5974371880317605e-12 -7.983436851499426e-14 -5.63683330620607e-13 1.0419943086891185e-12 6.653566569336189e-13 5.715981752783342e-12 0.0 2005.3865940715186 790730.9105981304 788725.5240040589 
9.684099602164109e-13 5.562438398099053 -0.184884004766669 8.556853564312283e-15 3.296103975756535e-12 -8.451850633455253e-14 -5.483155169208458e-13 1.2372081376770383e-12 6.217105472848953e-13 5.635651673101863e-12 0.0 2165.660013632849 781955.0359881034 784120.6960017362 
9.436067935661543e-13 5.827247807558846 -0.21182011345644003 9.703389898478083e-15 2.95154855269783e-12 -1.0198593465364162e-13 -5.56087408284832e-13 1.301799882963882e-12 9.846398040766437e-13 5.417624144680719e-12 0.0 2215.8735705836443 766577.2924613797 768793.1660319633 
1.0141657802009384e-12 6.5477318720776125 -0.2164288154087203 1.0773007057812308e-14 2.8411631573966953e-12 -1.0749728402840961e-13 -5.635686231288798e-13 1.1110192173897629e-12 8.770867650640721e-13 5.342565367773876e-12 0.0 2854.420846533845 750187.8994132748 753042.3202598087 
