1.2988171584926461e-16 0.12456426646718326 -6.050753193084826 0.05015345579306141 0.03756613923777938 7.862743214193181e-05 -5.908334471580812e-05 -1.2457794031995657e-07 3.4257789045769224e-08 4.1781706203162266e-11 -6.401699809659071e-12 6393522187.686302 34956923.0940866 34877401.47524545 
3.4996931712259254e-16 0.12471195654131038 -6.323691433220924 0.05034312114904627 0.038630281739067476 7.915545502735836e-05 -5.983039993950607e-05 -1.3094650532137366e-07 3.585887202968195e-08 4.0255280565010836e-11 -7.019150681749846e-12 2725329663831.108 52981698.90312009 51330873.24568108 
1.414934401789477e-16 0.12221827956357455 -6.007322459683876 0.04790567500657299 0.03953545281687688 7.988111464856446e-05 -5.988879669623336e-05 -1.2819661092186225e-07 3.505985446933707e-08 4.2494903910551875e-11 -6.8401263274490065e-12 5679704073454.577 25782248.41268649 23399045.75824008 
2.8618880203866935e-16 0.1285711716641792 -6.4062520148851245 0.051734098301582945 0.039098491423225884 8.164854124032128e-05 -6.038278703949047e-05 -1.1990415958287564e-07 3.5067172307120754e-08 4.149199063877736e-11 -6.734029297857435e-12 9149974651642.93 16156190.680058366 19181077.341468163 
2.0613579615856727e-16 0.12327605918401434 -6.463895303883207 0.04949625139101897 0.03921627023748665 8.467796190189933e-05 -5.90042336462758e-05 -1.3124557695520462e-07 3.4680399310678564e-08 4.362749067348103e-11 -6.599439499333765e-12 141280595883566.0 96188466.84790292 108074609.68822289 
8.106101297451724e-16 0.11850071083198428 -6.3517619509404835 0.04881959299440956 0.03726490593577809 8.244966584785806e-05 -5.9312415113230876e-05 -1.3071965273545293e-07 3.605337781038347e-08 4.2667432607080405e-11 -6.7454648128105116e-12 2176117071669485.0 229716305.58083242 276365170.14995146 
6.795994762404795e-16 0.12796056533191558 -5.985061566249968 0.04725133488763935 0.0367735943930516 8.05816231561131e-05 -5.7674541527664504e-05 -1.281676262688764e-07 3.611591626008427e-08 4.324607185432491e-11 -6.965520219304637e-12 5668836577788626.0 338818922.1671034 414110593.8503587 
4.25481481224864e-17 0.12626840475804782 -6.305560653528927 0.047567520898832066 0.03722570846969323 8.004353197359845e-05 -6.026007651114263e-05 -1.2406434345614452e-07 3.3301122944006177e-08 4.271894600360101e-11 -6.537501250718056e-12 1.7255580673448302e+16 222701823.67412728 354062320.38711995 
8.802875358051667e-16 0.12219654447040221 -6.301671827748738 0.047317500095130735 0.0373842007935688 7.993110551248196e-05 -6.207062152580705e-05 -1.2378534601922323e-07 3.426692661985098e-08 4.0341627689204174e-11 -6.8225354254564505e-12 4.220207878137771e+16 408697224.3975309 614128667.362214 
7.510225307530458e-16 0.12696286073813473 -6.342790999081298 0.05055937032053178 0.03631746187172059 8.208953576917405e-05 -6.222198884705911e-05 -1.202631175928794e-07 3.334474092717131e-08 4.026967740258673e-11 -6.424559905224694e-12 7.805539739229968e+16 585507863.8768439 864891821.794796 
