7.682243633280305e-13 9.94581379497391 -0.22718096994746806 7.026941243309744e-15 2.11039067119987e-12 -6.254013769366002e-14 -3.665339292038836e-13 1.4836257497760624e-12 9.563538494539817e-13 5.113495638217926e-12 9.845810099155074e-18
6.440727709715061e-13 10.0 -0.20229999677620256 7.135493860912447e-15 2.3351827429227644e-12 -5.532098384922385e-14 -2.93540174588544e-13 1.3016608625075648e-12 9.891169037914277e-13 5.342416829877757e-12 8.494683105042784e-18
7.938306343680395e-13 10.0 -0.24180916964429414 6.8026008573438355e-15 1.7774759144732867e-12 -6.68389243690703e-14 -2.9508349620543974e-13 1.716913156553706e-12 9.523259266318796e-13 4.941001357442362e-12 8.42144446348451e-18
6.75172572848494e-13 8.470851056168232 -0.247380731574704 7.626321076782695e-15 2.2557293434623875e-12 -5.282819387090857e-14 -3.05802344355819e-13 1.2154241773397432e-12 1.0667539689790306e-12 4.828049131540964e-12 8.544263966831791e-18
7.679412268746329e-13 10.0 -0.20669186237875764 6.36136394768999e-15 2.510881186697569e-12 -6.995103421270453e-14 -3.2250557167775526e-13 1.6382825320637767e-12 8.204554330286751e-13 5.276356729537257e-12 9.851611650271316e-18
6.475295739140009e-13 8.891902777512426 -0.24992431111070137 8.129832857997288e-15 2.100281465662512e-12 -5.570756051783799e-14 -3.623536373478647e-13 1.5645344652979137e-12 1.0466326617817421e-12 4.748772443702803e-12 9.616777357100575e-18
6.451160195787093e-13 10.0 -0.21980962599064865 5.754014478259395e-15 2.18645563704048e-12 -5.948313609755832e-14 -3.7751933027638707e-13 1.5037297801047486e-12 9.120081146952768e-13 5.215192271362861e-12 1.1653042853778753e-17
6.716415560435504e-13 10.0 -0.26321753347573607 7.667753955256506e-15 2.2212246615587036e-12 -5.042764587161647e-14 -4.211670479153043e-13 1.3720605060751585e-12 1.107526185653437e-12 4.283386278530463e-12 1.049429024248338e-17
7.44728058221537e-13 8.991425398521624 -0.25048565328393646 6.257115966489422e-15 2.4081734363369956e-12 -7.451885891962649e-14 -4.3681830169793904e-13 1.3846021321111065e-12 9.429521835098025e-13 4.6680354052479046e-12 9.173920464246986e-18
6.17195160915585e-13 10.0 -0.243671965806923 5.81910788883102e-15 2.1144145461921773e-12 -7.197074016037982e-14 -3.819887442985381e-13 1.638534892024683e-12 9.716476094525291e-13 4.956128886234888e-12 7.883021754586192e-18
7.828001170545799e-13 10.0 -0.24705451632500175 8.172273394420086e-15 2.1727218902780416e-12 -6.437456419734057e-14 -4.39520643681264e-13 3.2176412898809854 1.1347649936383698e-12 5.15491823050966e-12 9.485626208701572e-18
8.770374646721165e-13 10.0 -0.24806775100112619 5.809134983422822e-15 2.3351827429227644e-12 -7.050128727209819e-14 -2.93540174588544e-13 1.2972698787750535e-12 8.088172299443776e-13 5.131508632818557e-12 8.494683105042784e-18
7.26948731963298e-13 -6.420102951133007 -0.21333573932378908 6.892253326726522e-15 1.979126803459151e-12 -5.558310463985788e-14 -3.431472251870874e-13 1.4564881286065536e-12 9.196849696630335e-13 5.058693475313469e-12 8.445734622188678e-18
6.636104908939694e-13 10.0 -0.2451461205089524 8.329074025305562e-15 6.1576124865720985 -5.509227155307595e-14 -3.3751182899591207e-13 1.2949193052241025e-12 1.0423699613088944e-12 4.8959771873922665e-12 9.159715664668348e-18
7.272280877426421e-13 9.500590232282018 -0.22666785702467143 6.779554412389214e-15 1.7774759144732867e-12 -6.68389243690703e-14 -2.9508349620543974e-13 1.716913156553706e-12 1.050289837665579e-12 4.941001357442362e-12 8.42144446348451e-18
9.059894113332418e-13 10.0 -0.22358217863856156 7.94606842599266e-15 2.443652212218702e-12 -5.1758709586025844e-14 -2.974113693433791e-13 1.4777003076574186e-12 1.0099159854088627e-12 4.4515713596969274e-12 8.824936041927083e-18
6.636104908939694e-13 10.0 -0.22358217863856156 7.94606842599266e-15 2.3384008833778023e-12 -5.1758709586025844e-14 -2.974113693433791e-13 1.4777003076574186e-12 9.198650268427073e-13 4.829589720789784e-12 1.1681405317421343e-17
6.552228741817203e-13 4.749855510371347 -0.23259590815866418 8.319118186494339e-15 2.3328878329242745e-12 -7.259087124087933e-14 -3.1189580062950243e-13 1.5873515336537699e-12 9.32820967015159e-13 4.859653868225036e-12 9.105057450004086e-18
6.636104908939694e-13 9.409022388083967 -0.20669186237875764 6.36136394768999e-15 2.510881186697569e-12 -6.995103421270453e-14 -3.2250557167775526e-13 1.2949193052241025e-12 1.0423699613088944e-12 5.024284081755421e-12 9.567405358521964e-18
8.770374646721165e-13 8.320184302683481 -0.24806775100112619 5.844874676071747e-15 2.3638578606567843e-12 -6.586702567094926e-14 -4.0446746289388705e-13 1.5062223304116304e-12 7.995044061433784e-13 5.154816491055282e-12 9.887326327536964e-18
6.716415560435504e-13 10.0 -0.24180916964429414 6.8026008573438355e-15 2.2212246615587036e-12 2.09292952054982 6.949139490318352 1.3720605060751585e-12 1.107526185653437e-12 4.283386278530463e-12 8.42144446348451e-18
8.79551434851967 8.534923269718018 -0.2600188124521631 4.764604017113953 1.787621869243518e-12 -6.800735934441532e-14 -3.3751182899591207e-13 3.168311978925125 8.995508690893878e-13 4.9152807587358e-12 9.646243346190816e-18
7.420707136593046e-13 0.44521601677099554 -0.21814090725254848 7.362698579781485e-15 2.19383484609914e-12 -7.118765743144254e-14 -3.435301948795628e-13 1.4933118813103445e-12 7.957239230741885e-13 5.433479432568079e-12 1.1639821306982512e-17
8.259126752868052e-13 8.652855356164949 -0.24384822753321447 7.75884108030831e-15 1.9880490513094383e-12 -6.130015552784399e-14 -2.945089662528698e-13 1.2576690952358384e-12 1.052965602288774e-12 5.169289101965313e-12 8.500232391197237e-18
7.679412268746329e-13 9.263926741758215 -0.2146916814031343 6.36136394768999e-15 1.9170538115053993e-12 -6.586702567094926e-14 -3.1540542149224035e-13 1.6382825320637767e-12 7.995044061433784e-13 5.276356729537257e-12 9.851611650271316e-18
8.344296021665823 10.0 -0.2600188124521631 -9.367836173872163 2.1144145461921773e-12 -5.892768639317907e-14 -3.857757887912634e-13 1.638534892024683e-12 8.995508690893878e-13 -4.258310585790359 7.883021754586192e-18
8.061741385950778e-13 10.0 -0.18658938619014767 6.05097485560445e-15 2.4159725393984446e-12 -8.533489092219654 -3.227368225810815e-13 1.5363386457270979e-12 1.06175005448939e-12 5.560044799907422e-12 8.653583733188061e-18
6.209681449513422e-13 10.0 -0.2684040687305398 6.05097485560445e-15 2.267691876280309e-12 -5.995864978669007e-14 -3.1701206560312027e-13 -5.319745461143455 8.875387333657098e-13 4.4035848084714875e-12 8.653583733188061e-18
6.440727709715061e-13 10.0 -0.18658938619014767 7.135493860912447e-15 2.4159725393984446e-12 -5.532098384922385e-14 -2.93540174588544e-13 1.7092027688982534e-12 1.06175005448939e-12 8.974684259900595 8.494683105042784e-18
6.451160195787093e-13 10.0 -0.23603926353186006 5.754014478259395e-15 2.18645563704048e-12 -6.787429721377595e-14 -3.7751933027638707e-13 1.5037297801047486e-12 9.120081146952768e-13 5.215192271362861e-12 9.157584922152829
7.709238530463304e-13 10.0 2.662175758578263 5.9848566207952544e-15 2.3351827429227644e-12 -5.532098384922385e-14 -2.93540174588544e-13 1.5174273591745405e-12 9.891169037914277e-13 5.404691869738969e-12 8.494683105042784e-18
6.47505508325105e-13 9.077646186626485 -0.2678143723011377 6.197691718704058e-15 1.866324977177935e-12 -7.145291337658176e-14 -3.21566727406559e-13 1.7088687925418418e-12 1.0005168859733442e-12 4.206146982282733e-12 8.105025828763072e-18
8.815213508826192e-13 10.0 -0.21333573932378908 6.892253326726522e-15 1.7042186527089517e-12 -5.558310463985788e-14 -4.3472805884415073e-13 1.4564881286065536e-12 8.32580807532037e-13 5.058693475313469e-12 8.445734622188678e-18
7.420707136593046e-13 10.0 -0.2526402263815708 8.336817598496445e-15 2.469585245259318e-12 -7.440759005378002e-14 -3.165018059148158e-13 1.4157560736340915e-12 7.957239230741885e-13 5.438656420794476e-12 1.1639821306982512e-17
6.451160195787093e-13 10.0 -0.21980962599064865 5.754014478259395e-15 2.3638578606567843e-12 -7.050128727209819e-14 -4.0446746289388705e-13 1.2972698787750535e-12 9.120081146952768e-13 5.131508632818557e-12 1.0402236361852677e-17
2.6518988534689143 10.0 -0.23742900727607605 3.1094423241146885 1.966851272627517e-12 -5.155060245326196e-14 -4.395336064897766e-13 1.4519434640870084e-12 7.728541567840961e-13 4.2079922578357295e-12 9.56676650898836e-18
6.552228741817203e-13 10.0 -0.22697780757597705 8.319118186494339e-15 1.7779414581912512e-12 0.8305428209970618 -4.211670479153043e-13 1.5873515336537699e-12 8.127144335600675e-13 4.932568331911793e-12 1.049429024248338e-17
3.086702447623166 10.0 -0.2568473387016624 7.594406754062822e-15 1.8039215617353173e-12 -5.187126909500968e-14 -3.0786523293663213e-13 1.2098676157291984e-12 1.029823780901203e-12 4.4515713596969274e-12 8.824936041927083e-18
6.493458605736505e-13 8.470851056168232 2.093252250961225 7.788907147989847e-15 2.3660800104424015e-12 -5.282819387090857e-14 -3.204394884334721e-13 -7.592199303637949 1.0667539689790306e-12 4.828049131540964e-12 8.544263966831791e-18
6.841583140498374e-13 8.577049902294293 -0.19503808317038793 5.752485526821447e-15 2.204118772134889e-12 -5.764309160125115e-14 -3.292106507956276e-13 1.2939595822657417e-12 8.32580807532037e-13 1.6555878503646646 1.1794910131260024e-17
8.815213508826192e-13 8.577049902294293 -0.103162056972117 6.36136394768999e-15 2.204118772134889e-12 -6.995103421270453e-14 -3.2250557167775526e-13 -0.6133805467086937 8.204554330286751e-13 4.372970744641105e-12 9.851611650271316e-18
7.516781681340665e-13 10.0 -0.20284569918638087 7.643071285055258e-15 2.2105732955317325e-12 -7.118765743144254e-14 -2.9661341911766945e-13 1.35970359971251e-12 7.957239230741885e-13 4.751081676786072e-12 1.1639821306982512e-17
8.770374646721165e-13 9.500590232282018 -0.22666785702467143 6.779554412389214e-15 2.169020572866124e-12 -7.211284798871584e-14 -4.0446746289388705e-13 1.675511617321604e-12 8.088172299443776e-13 4.888553759589407e-12 1.1093262724014076e-17
6.47505508325105e-13 9.077646186626485 -0.2326098871971842 6.197691718704058e-15 1.866324977177935e-12 -6.864301609114082e-14 -3.8552276561002784e-13 8.759574485183514 1.1139192606553076e-12 4.9644726995434586e-12 1.0048516554498962e-17
6.752722334303086e-13 9.25993272433883 -0.23742900727607605 8.085747455338413e-15 1.7684886001919979e-12 -6.682370474795035e-14 -4.395336064897766e-13 1.5870989679339788e-12 9.827608321586107e-13 5.1379665338129925e-12 9.56676650898836e-18
7.499586172465175e-13 10.0 -0.24476464439100135 7.53678587803001e-15 2.180727275112538e-12 -6.056536998147153 -1.1560151334849937 1.6284901020687425e-12 9.229315043179307e-13 4.720795746839317e-12 1.0376394896904385e-17
8.067936554614744e-13 9.045522217851845 -0.2501372158983276 8.110131573876951e-15 1.7567446773296297e-12 2.9773814471226334 -4.3875472932998226e-13 1.3721721268675563e-12 1.07175491976645e-12 8.196893379120624 1.1116179686371434e-17
7.499586172465175e-13 9.23092893658791 -0.2468469311598174 6.05097485560445e-15 2.180727275112538e-12 -7.084844904705984e-14 -3.227368225810815e-13 1.6284901020687425e-12 1.0678155250589088e-12 4.259205684896044e-12 8.653583733188061e-18
7.709238530463304e-13 10.0 -0.2678143723011377 5.9848566207952544e-15 -1.0758950240364573 -7.145376846967865e-14 -3.21566727406559e-13 1.5174273591745405e-12 1.072442544632222e-12 5.404691869738969e-12 8.07305732799415e-18
8.259126752868052e-13 10.0 -0.2678143723011377 7.731595286139487e-15 1.8103508103611544e-12 -6.130015552784399e-14 8.016639801992383 1.4712554200627741e-12 1.0005168859733442e-12 4.206146982282733e-12 8.929725725696076e-18
6.75172572848494e-13 8.470851056168232 -0.2468469311598174 6.05097485560445e-15 2.2557293434623875e-12 -5.282819387090857e-14 -3.227368225810815e-13 4.040403632294087 1.0667539689790306e-12 4.828049131540964e-12 8.653583733188061e-18
9.176576123270685e-13 8.048749266474495 -0.24369387392520014 6.216910336809669e-15 1.9771473116121214 -6.661665466236142e-14 -3.888761285944906e-13 1.4519434640870084e-12 1.1347649936383698e-12 5.433479432568079e-12 1.1396234974521006e-17
-4.578364299075384 10.0 -0.25111714385718825 6.892253326726522e-15 2.2301602914155746e-12 -5.509227155307595e-14 -1.842639431646596 1.338887818329954e-12 9.916517662590255e-13 4.8959771873922665e-12 8.445734622188678e-18
6.47505508325105e-13 9.077646186626485 -0.2583767170984913 7.169745030970879e-15 2.4523167855555633e-12 7.592613577772795 -3.3684921488721767e-13 1.7088687925418418e-12 8.38182495154782e-13 4.9644726995434586e-12 8.105025828763072e-18
2.324633630065085 10.0 -6.591362927134343 5.159255668434852 2.3351827429227644e-12 -8.799573947370407 -2.93540174588544e-13 1.7092027688982534e-12 9.891169037914277e-13 5.342416829877757e-12 8.494683105042784e-18
6.209681449513422e-13 4.322448876178404 -0.2345594725389159 -1.02323716987601 1.9880490513094383e-12 -5.995864978669007e-14 -4.3433429712420597e-13 1.595540346237996e-12 1.0193708163626673e-12 4.7751669261239175e-12 -9.770002819793284
6.716415560435504e-13 10.0 -0.26321753347573607 5.5625615578431304 2.2212246615587036e-12 -5.042764587161647e-14 -4.211670479153043e-13 1.4777003076574186e-12 1.107526185653437e-12 4.829589720789784e-12 1.1681405317421343e-17
3.144762950098672 9.923976321673912 -0.2431072167511362 7.788907147989847e-15 2.3660800104424015e-12 -3.867608788938643 -3.435301948795628e-13 7.7113574609677755 1.1347649936383698e-12 4.263496600543448e-12 1.1452613954738204e-17
7.499586172465175e-13 9.500590232282018 -0.24476464439100135 6.89861305020138 2.180727275112538e-12 -7.211284798871584e-14 -3.195312568734127e-13 1.675511617321604e-12 9.229315043179307e-13 8.206903160323215 1.0376394896904385e-17
8.815213508826192e-13 7.963967937243183 -0.2406320795127037 7.132450414770568e-15 2.340313596901279e-12 -7.890591724845841 -3.577267122175854e-13 1.7055274391869398e-12 9.617860016384018e-13 4.9512324949215314e-12 9.486823122164684e-18
8.844788409033138e-13 10.0 -0.26321753347573607 7.667753955256506e-15 2.317991321406684e-12 -6.172468616021828e-14 -4.151145750719502e-13 1.3720605060751585e-12 9.125422121095085e-13 4.778671749888806e-12 8.162591246237318e-18
4.899484090125645 8.76440711750904 -0.20284569918638087 7.362698579781485e-15 2.469585245259318e-12 -7.050128727209819e-14 -4.0446746289388705e-13 1.2972698787750535e-12 7.957239230741885e-13 5.131508632818557e-12 1.1639821306982512e-17
6.17195160915585e-13 8.577049902294293 -0.2406320795127037 5.752485526821447e-15 2.1144145461921773e-12 -7.197074016037982e-14 -3.819887442985381e-13 1.638534892024683e-12 8.32580807532037e-13 4.956128886234888e-12 1.0661376480193985e-17
8.815213508826192e-13 8.577049902294293 -3.592583514534562 5.754014478259395e-15 2.18645563704048e-12 -5.579448394580744e-14 -3.7751933027638707e-13 1.2939595822657417e-12 8.32580807532037e-13 4.372970744641105e-12 1.0661376480193985e-17
7.932927996837024e-13 9.25993272433883 -0.20426988884270522 6.547886294458334e-15 1.7684886001919979e-12 -6.682370474795035e-14 -4.0368110264799975e-13 9.018394180295882 9.827608321586107e-13 5.1379665338129925e-12 1.031508831652756e-17
6.338624797472964e-13 10.0 -0.18643745576780255 7.88575916700899e-15 2.470481073927688e-12 -5.832440415515506e-14 -4.154056992971342e-13 1.4712554200627741e-12 8.958774394245855e-13 5.600973022597674e-12 8.07305732799415e-18
8.061741385950778e-13 10.0 -0.2468469311598174 6.216910336809669e-15 2.267691876280309e-12 -7.084844904705984e-14 -3.227368225810815e-13 1.4519434640870084e-12 1.0678155250589088e-12 4.417283549960605e-12 8.653583733188061e-18
6.716415560435504e-13 9.045522217851845 -0.26321753347573607 7.667753955256506e-15 2.2212246615587036e-12 -5.042764587161647e-14 -4.3875472932998226e-13 1.3721721268675563e-12 1.107526185653437e-12 4.283386278530463e-12 1.049429024248338e-17
6.440727709715061e-13 10.0 -0.2345594725389159 -3.0032771874631425 2.3351827429227644e-12 -5.532098384922385e-14 -4.3433429712420597e-13 1.3016608625075648e-12 9.891169037914277e-13 5.342416829877757e-12 8.494683105042784e-18
6.752722334303086e-13 9.25993272433883 -0.20426988884270522 8.085747455338413e-15 1.966851272627517e-12 -5.155060245326196e-14 -4.395336064897766e-13 1.5486400089040794e-12 9.827608321586107e-13 4.2079922578357295e-12 1.031508831652756e-17
6.209681449513422e-13 8.94506716739824 -0.2684040687305398 6.36136394768999e-15 1.9880490513094383e-12 -5.995864978669007e-14 -3.2250557167775526e-13 1.5407136396471196e-12 8.875387333657098e-13 4.4035848084714875e-12 8.500232391197237e-18
8.336118129985383e-13 10.0 -0.25048565328393646 7.437897901345108e-15 2.3089637147776414e-12 -6.864301609114082e-14 -4.3681830169793904e-13 1.3846021321111065e-12 9.429521835098025e-13 4.6680354052479046e-12 9.173920464246986e-18
7.043542265295386 10.0 -0.25111714385718825 8.329074025305562e-15 -6.952755150641887 -5.258334831142848e-14 -3.577267122175854e-13 1.7055274391869398e-12 9.617860016384018e-13 4.8959771873922665e-12 9.159715664668348e-18
6.552228741817203e-13 10.0 -0.22697780757597705 8.319118186494339e-15 1.7779414581912512e-12 -7.259087124087933e-14 -2.93540174588544e-13 1.5873515336537699e-12 9.891169037914277e-13 5.342416829877757e-12 1.0757169144584684e-17
9.059894113332418e-13 10.0 -0.22358217863856156 7.94606842599266e-15 2.443652212218702e-12 -5.1758709586025844e-14 -2.974113693433791e-13 1.2154241773397432e-12 1.0667539689790306e-12 4.828049131540964e-12 8.544263966831791e-18
6.47505508325105e-13 9.077646186626485 -0.24384822753321447 6.197691718704058e-15 1.866324977177935e-12 -6.130015552784399e-14 -4.0263667219898074e-13 1.7088687925418418e-12 1.052965602288774e-12 4.9644726995434586e-12 8.929725725696076e-18
6.17195160915585e-13 8.320184302683481 -0.24806775100112619 5.81910788883102e-15 2.1144145461921773e-12 -7.197074016037982e-14 -4.0446746289388705e-13 1.2972698787750535e-12 9.716476094525291e-13 5.131508632818557e-12 -3.3203378527233767
8.770374646721165e-13 2.5834291371433302 -0.24992431111070137 5.809134983422822e-15 2.3638578606567843e-12 -5.570756051783799e-14 -4.0446746289388705e-13 1.5645344652979137e-12 8.088172299443776e-13 4.748772443702803e-12 9.616777357100575e-18
6.716415560435504e-13 10.0 -0.26321753347573607 6.216910336809669e-15 -8.357842622832933 -6.576699764022869e-14 -3.888761285944906e-13 1.3720605060751585e-12 7.728541567840961e-13 4.283386278530463e-12 1.049429024248338e-17
6.338624797472964e-13 10.0 -0.18643745576780255 7.88575916700899e-15 1.7567446773296297e-12 -5.832440415515506e-14 -4.154056992971342e-13 1.2248916915544585e-12 8.958774394245855e-13 5.032113332624175e-12 8.396418124184594e-18
9.062207291843818e-13 10.0 -0.2352061910692689 8.329074025305562e-15 -4.7682678158891 -6.399439723961496e-14 -3.803385805842491e-13 1.267434724137847e-12 9.235797995697603e-13 4.6986915280406704e-12 9.159715664668348e-18
7.516781681340665e-13 10.0 -0.18643745576780255 7.643071285055258e-15 2.470481073927688e-12 -5.832440415515506e-14 -3.0786523293663213e-13 1.3793796316714014e-12 8.958774394245855e-13 4.751081676786072e-12 1.873555834052496
7.499586172465175e-13 9.923976321673912 -0.2431072167511362 6.826739058182811e-15 2.180727275112538e-12 -7.319352696379242e-14 -2.9646983127929913e-13 1.6320890570788968e-12 1.1236181593745764e-12 4.263496600543448e-12 1.1452613954738204e-17
7.932927996837024e-13 10.0 -0.20426988884270522 6.547886294458334e-15 1.7684886001919979e-12 -7.145291337658176e-14 -3.21566727406559e-13 1.5870989679339788e-12 2.1764430062286895 5.1379665338129925e-12 1.031508831652756e-17
7.938306343680395e-13 10.0 -0.24180916964429414 6.36136394768999e-15 1.7774759144732867e-12 -6.995103421270453e-14 -3.2250557167775526e-13 1.6382825320637767e-12 8.204554330286751e-13 4.941001357442362e-12 9.851611650271316e-18
6.69140772837619e-13 9.923976321673912 -0.2431072167511362 7.788907147989847e-15 2.3660800104424015e-12 -7.003824522405921e-14 -4.3433429712420597e-13 1.595540346237996e-12 1.1236181593745764e-12 4.7751669261239175e-12 1.1452613954738204e-17
6.451160195787093e-13 -8.19049750678112 -0.21980962599064865 7.135493860912447e-15 2.3351827429227644e-12 -5.532098384922385e-14 -3.7751933027638707e-13 1.3016608625075648e-12 9.891169037914277e-13 5.215192271362861e-12 8.494683105042784e-18
-2.6471554598393183 10.0 -0.2451461205089524 6.892253326726522e-15 2.3384008833778023e-12 -6.800735934441532e-14 -3.431472251870874e-13 1.4564881286065536e-12 8.950208874749077e-13 5.024284081755421e-12 8.445734622188678e-18
8.061741385950778e-13 10.0 -0.2678143723011377 -6.099751684162589 2.267691876280309e-12 -7.084844904705984e-14 -3.21566727406559e-13 1.4712554200627741e-12 1.0005168859733442e-12 -2.12444725884839 8.07305732799415e-18
7.919671932190087e-13 9.940635991820994 -4.979813509448466 -6.611647912366713 1.7718089426155271e-12 -7.211990891739422e-14 -3.01892294294188e-13 -2.7657148253550323 -3.280535302893554 4.676955857942696e-12 1.067490251315233e-17
2.0474295539064578 10.0 -0.24180916964429414 6.6327792527398936e-15 2.098325350435398e-12 -6.68389243690703e-14 -2.9508349620543974e-13 1.267434724137847e-12 -6.310332308074065 4.6986915280406704e-12 1.105532703032413e-17
9.176576123270685e-13 7.959539581039277 -0.24369387392520014 6.216910336809669e-15 2.4844647522132163e-12 -5.155060245326196e-14 -3.888761285944906e-13 1.5486400089040794e-12 9.912641181049143e-13 4.2079922578357295e-12 9.56676650898836e-18
8.061741385950778e-13 9.192596807497965 -0.23358353142035113 6.05097485560445e-15 2.317991321406684e-12 -7.084844904705984e-14 -3.227368225810815e-13 -6.7781686643534105 1.0678155250589088e-12 4.259205684896044e-12 8.653583733188061e-18
7.413889438090561e-13 8.048749266474495 -0.26321753347573607 7.667753955256506e-15 2.19383484609914e-12 -6.661665466236142e-14 -4.211670479153043e-13 -5.990937713893705 1.1347649936383698e-12 5.433479432568079e-12 1.049429024248338e-17
7.26948731963298e-13 9.940635991820994 -0.24476464439100135 6.826739058182811e-15 2.180727275112538e-12 -7.319352696379242e-14 -3.393112192997791e-13 1.1961571480958591e-12 9.229315043179307e-13 4.720795746839317e-12 1.1013529112307836e-17
8.844788409033138e-13 10.0 -0.24369387392520014 7.727644585898048e-15 2.317991321406684e-12 -6.172468616021828e-14 -3.888761285944906e-13 1.4519434640870084e-12 9.125422121095085e-13 4.778671749888806e-12 8.198181102054214e-18
-4.129057762289499 9.409022388083967 -0.21980962599064865 6.355824140429363e-15 6.903535477433927 -5.948313609755832e-14 -3.7751933027638707e-13 1.2949193052241025e-12 1.0423699613088944e-12 5.024284081755421e-12 1.1653042853778753e-17
8.360505186580742e-13 -3.191031711351089 -9.539028024465374 6.328382826287292 2.3328878329242745e-12 -5.892768639317907e-14 -3.857757887912634e-13 1.2482204169418e-12 8.995508690893878e-13 4.859653868225036e-12 9.646243346190816e-18
6.636104908939694e-13 9.409022388083967 -0.21980962599064865 5.754014478259395e-15 2.18645563704048e-12 -5.948313609755832e-14 -3.3751182899591207e-13 -5.585149083149417 9.120081146952768e-13 5.215192271362861e-12 1.1653042853778753e-17
6.209681449513422e-13 10.0 -0.2678143723011377 7.75884108030831e-15 1.9917528622561456e-12 -7.145291337658176e-14 -3.1701206560312027e-13 6.7163534749661835 1.0005168859733442e-12 2.177321949043847 8.07305732799415e-18
